1 0.561003861003861 0.331958762886598 0.11312741312741306 0.1054054054054054
3 0.561003861003861 0.331958762886598 0.11312741312741306 0.1054054054054054
2 0.51 0.25 0.05999999999999997 0.08239382239382241
0 0.51 0.25 0.05999999999999997 0.08239382239382241
0 0.5499999999999999 0.59 0.11000000000000003 0.14231660231660231
3 0.5499999999999999 0.59 0.11000000000000003 0.14231660231660231
3 0.2822393822393822 0.28350515463917525 0.06563706563706563 0.0803088803088803
1 0.2822393822393822 0.28350515463917525 0.06563706563706563 0.0803088803088803
1 0.8795366795366796 0.32613402061855673 0.042084942084942 0.04258687258687256
3 0.8795366795366796 0.32613402061855673 0.042084942084942 0.04258687258687256
