2 0.15 0.23 0.05999999999999999 0.06742474916387958
0 0.15 0.23 0.05999999999999999 0.06742474916387958
0 0.22999999999999998 0.38999999999999996 0.045250836120401344 0.03772575250836121
3 0.22999999999999998 0.38999999999999996 0.045250836120401344 0.03772575250836121
3 0.41000000000000003 0.06 0.10000000000000002 0.1011371237458194
1 0.41000000000000003 0.06 0.10000000000000002 0.1011371237458194
3 0.030000000000000002 0.3 0.05 0.05618729096989968
0 0.030000000000000002 0.3 0.05 0.05618729096989968
2 0.0 0.5 0.049999999999999996 0.056187290969899654
0 0.0 0.5 0.049999999999999996 0.056187290969899654
