0 0.63 0.29 0.04 0.05989090909090911
2 0.63 0.29 0.04 0.05989090909090911
0 0.7958181818181818 0.2423497267759563 0.061599999999999995 0.06509090909090909
3 0.7958181818181818 0.2423497267759563 0.061599999999999995 0.06509090909090909
3 0.56 0.26 0.06 0.07985454545454548
0 0.56 0.26 0.06 0.07985454545454548
0 0.15 0.29 0.05 0.06654545454545456
2 0.15 0.29 0.05 0.06654545454545456
0 0.01 0.26 0.05 0.059890909090909085
3 0.01 0.26 0.05 0.059890909090909085
2 0.51 0.3 0.05 0.06654545454545456
0 0.51 0.3 0.05 0.06654545454545456
3 0.66 0.24000000000000002 0.07 0.07985454545454543
1 0.66 0.24000000000000002 0.07 0.07985454545454543
0 0.07 0.28 0.06 0.06654545454545456
2 0.07 0.28 0.06 0.06654545454545456
