0 0.31 0.6 0.06999999999999998 0.09737451737451737
2 0.31 0.6 0.06999999999999998 0.09737451737451737
0 0.33 0.16999999999999998 0.029999999999999985 0.044942084942084945
3 0.33 0.16999999999999998 0.029999999999999985 0.044942084942084945
0 0.39999999999999997 0.16 0.04 0.052432432432432424
3 0.39999999999999997 0.16 0.04 0.052432432432432424
2 0.7698841698841699 0.15335051546391754 0.03474903474903475 0.03339768339768339
0 0.7698841698841699 0.15335051546391754 0.03474903474903475 0.03339768339768339
2 0.18602316602316601 0.1718556701030928 0.05135135135135134 0.05868725868725867
0 0.18602316602316601 0.1718556701030928 0.05135135135135134 0.05868725868725867
2 0.2498455598455598 0.40824742268041236 0.04501930501930506 0.04930501930501929
0 0.2498455598455598 0.40824742268041236 0.04501930501930506 0.04930501930501929
