3 0.8099999999999999 0.22 0.04000000000000003 0.03956521739130434
0 0.8099999999999999 0.22 0.04000000000000003 0.03956521739130434
1 0.9099999999999999 0.16 0.09000000000000008 0.11304347826086958
2 0.9099999999999999 0.16 0.09000000000000008 0.11304347826086958
3 0.41000000000000003 0.21000000000000002 0.04999999999999996 0.056521739130434775
0 0.41000000000000003 0.21000000000000002 0.04999999999999996 0.056521739130434775
3 0.6603010033444816 0.2601183431952663 0.02140468227424751 0.017725752508361194
0 0.6603010033444816 0.2601183431952663 0.02140468227424751 0.017725752508361194
2 0.049999999999999996 0.21000000000000002 0.060000000000000005 0.062173913043478246
1 0.049999999999999996 0.21000000000000002 0.060000000000000005 0.062173913043478246
