0 0.5205729166666667 0.2623697916666667 0.03999999999999996 0.059895833333333336
2 0.5205729166666667 0.2623697916666667 0.03999999999999996 0.059895833333333336
1 0.6134114583333333 0.23361979166666666 0.09361979166666663 0.10999999999999999
3 0.6134114583333333 0.23361979166666666 0.09361979166666663 0.10999999999999999
3 0.21290364583333332 0.06963541666666666 0.18003906249999999 0.15811197916666667
1 0.21290364583333332 0.06963541666666666 0.18003906249999999 0.15811197916666667
2 0.7573828125 0.27975260416666664 0.03690104166666671 0.048450520833333344
0 0.7573828125 0.27975260416666664 0.03690104166666671 0.048450520833333344
2 0.7185677083333334 0.2546875 0.04999999999999997 0.07187500000000002
1 0.7185677083333334 0.2546875 0.04999999999999997 0.07187500000000002
0 0.8549479166666667 0.26471354166666666 0.058072916666666696 0.07968749999999998
2 0.8549479166666667 0.26471354166666666 0.058072916666666696 0.07968749999999998
