1 0.3969818181818182 0.12240437158469944 0.06418181818181815 0.09123636363636364
3 0.3969818181818182 0.12240437158469944 0.06418181818181815 0.09123636363636364
3 0.9527272727272728 0.0025136612021857923 0.04727272727272727 0.05301818181818181
0 0.9527272727272728 0.0025136612021857923 0.04727272727272727 0.05301818181818181
3 0.8082909090909091 0.04540983606557377 0.03967272727272726 0.040509090909090904
0 0.8082909090909091 0.04540983606557377 0.03967272727272726 0.040509090909090904
3 0.09341818181818182 0.13579234972677595 0.02756363636363637 0.03341818181818181
0 0.09341818181818182 0.13579234972677595 0.02756363636363637 0.03341818181818181
2 0.17 0.13 0.04 0.04658181818181819
0 0.17 0.13 0.04 0.04658181818181819
0 0.46 0.07 0.09 0.10647272727272727
3 0.46 0.07 0.09 0.10647272727272727
1 0.57 0.15 0.09 0.11312727272727274
3 0.57 0.15 0.09 0.11312727272727274
1 0.72 0.12000000000000001 0.11 0.13974545454545453
3 0.72 0.12000000000000001 0.11 0.13974545454545453
3 0.2474909090909091 0.13765027322404372 0.04730909090909088 0.04643636363636364
0 0.2474909090909091 0.13765027322404372 0.04730909090909088 0.04643636363636364
3 0.2736727272727273 0.19092896174863386 0.050690909090909085 0.060836363636363654
0 0.2736727272727273 0.19092896174863386 0.050690909090909085 0.060836363636363654
3 0.3446181818181818 0.17573770491803276 0.054072727272727286 0.06923636363636367
0 0.3446181818181818 0.17573770491803276 0.054072727272727286 0.06923636363636367
