3 0.4744557823129252 0.5352046783625731 0.01598639455782309 0.014285714285714296
0 0.4744557823129252 0.5352046783625731 0.01598639455782309 0.014285714285714296
0 0.22435374149659862 0.5255555555555556 0.014285714285714296 0.012244897959183654
3 0.22435374149659862 0.5255555555555556 0.014285714285714296 0.012244897959183654
0 0.9383333333333334 0.8752631578947367 0.01666666666666659 0.017006802721088437
3 0.9383333333333334 0.8752631578947367 0.01666666666666659 0.017006802721088437
3 0.3 0.89 0.029999999999999978 0.03489795918367344
0 0.3 0.89 0.029999999999999978 0.03489795918367344
3 0.6799999999999999 0.89 0.030000000000000072 0.029081632653061264
0 0.6799999999999999 0.89 0.030000000000000072 0.029081632653061264
