0 0.47091911764705885 0.34102702702702703 0.021691176470588255 0.022058823529411766
3 0.47091911764705885 0.34102702702702703 0.021691176470588255 0.022058823529411766
0 0.5776838235294117 0.08497297297297297 0.015808823529411806 0.016911764705882352
3 0.5776838235294117 0.08497297297297297 0.015808823529411806 0.016911764705882352
3 0.6657720588235294 0.6902702702702703 0.019852941176470608 0.024264705882352973
0 0.6657720588235294 0.6902702702702703 0.019852941176470608 0.024264705882352973
0 0.6311029411764706 0.6295135135135135 0.022058823529411766 0.016691176470588258
3 0.6311029411764706 0.6295135135135135 0.022058823529411766 0.016691176470588258
3 0.5736397058823529 0.49470270270270267 0.021654411764705832 0.019852941176470608
0 0.5736397058823529 0.49470270270270267 0.021654411764705832 0.019852941176470608
0 0.8262132352941176 0.3007567567567568 0.023529411764705903 0.020588235294117654
3 0.8262132352941176 0.3007567567567568 0.023529411764705903 0.020588235294117654
0 0.5326838235294117 0.292972972972973 0.019117647058823593 0.02169117647058823
3 0.5326838235294117 0.292972972972973 0.019117647058823593 0.02169117647058823
0 0.32 0.75 0.03999999999999998 0.054411764705882396
2 0.32 0.75 0.03999999999999998 0.054411764705882396
