0 0.7638403041825095 0.62015625 0.03460076045627385 0.03193916349809888
3 0.7638403041825095 0.62015625 0.03460076045627385 0.03193916349809888
3 0.9467300380228137 0.6029687499999999 0.037262357414448714 0.03193916349809888
0 0.9467300380228137 0.6029687499999999 0.037262357414448714 0.03193916349809888
0 0.868403041825095 0.5758854166666666 0.031178707224334665 0.03117870722433461
3 0.868403041825095 0.5758854166666666 0.031178707224334665 0.03117870722433461
0 0.21927756653992397 0.61890625 0.03650190114068439 0.03726235741444866
3 0.21927756653992397 0.61890625 0.03650190114068439 0.03726235741444866
0 0.49 0.62 0.03999999999999993 0.04380228136882128
3 0.49 0.62 0.03999999999999993 0.04380228136882128
0 0.56 0.5599999999999999 0.019999999999999966 0.036501901140684447
3 0.56 0.5599999999999999 0.019999999999999966 0.036501901140684447
0 0.38 0.64 0.020000000000000018 0.03650190114068439
3 0.38 0.64 0.020000000000000018 0.03650190114068439
