3 0.5453058954393771 0.15858156028368794 0.0053503893214683 0.0055617352614015575
0 0.5453058954393771 0.15858156028368794 0.0053503893214683 0.0055617352614015575
3 0.8646941045606229 0.4751063829787234 0.02000000000000002 0.025094549499443827
0 0.8646941045606229 0.4751063829787234 0.02000000000000002 0.025094549499443827
2 0.3416685205784205 0.4078014184397163 0.013058954393770804 0.01145717463848722
0 0.3416685205784205 0.4078014184397163 0.013058954393770804 0.01145717463848722
2 0.3217797552836485 0.3930141843971631 0.01000000000000001 0.006384872080088998
0 0.3217797552836485 0.3930141843971631 0.01000000000000001 0.006384872080088998
0 0.45255839822024474 0.7406205673758864 0.01563959955506118 0.015361512791991104
3 0.45255839822024474 0.7406205673758864 0.01563959955506118 0.015361512791991104
0 0.42363737486095665 0.694113475177305 0.017174638487208006 0.015361512791991104
3 0.42363737486095665 0.694113475177305 0.017174638487208006 0.015361512791991104
0 0.3481201334816463 0.6916666666666667 0.013337041156840944 0.015105672969966611
2 0.3481201334816463 0.6916666666666667 0.013337041156840944 0.015105672969966611
1 0.1538375973303671 0.5463297872340426 0.013359288097886531 0.012680756395995526
3 0.1538375973303671 0.5463297872340426 0.013359288097886531 0.012680756395995526
0 0.2861512791991101 0.37808510638297876 0.014694104560622891 0.013793103448275838
3 0.2861512791991101 0.37808510638297876 0.014694104560622891 0.013793103448275838
1 0.4510567296996663 0.30923758865248224 0.009788654060066753 0.011790878754171294
3 0.4510567296996663 0.30923758865248224 0.009788654060066753 0.011790878754171294
0 0.6305895439377085 0.3771631205673759 0.009777530589544024 0.011857619577308116
3 0.6305895439377085 0.3771631205673759 0.009777530589544024 0.011857619577308116
0 0.7564404894327029 0.5205851063829787 0.009577308120133497 0.010122358175750796
3 0.7564404894327029 0.5205851063829787 0.009577308120133497 0.010122358175750796
0 0.9073637374860957 0.47953900709219854 0.008342602892102336 0.007675194660734187
3 0.9073637374860957 0.47953900709219854 0.008342602892102336 0.007675194660734187
0 0.4813459399332592 0.15113475177304964 0.0044605116796440384 0.0036707452725250403
3 0.4813459399332592 0.15113475177304964 0.0044605116796440384 0.0036707452725250403
