0 0.27 0.12000000000000001 0.02 0.039927272727272714
2 0.27 0.12000000000000001 0.02 0.039927272727272714
0 0.25 0.31 0.03 0.039927272727272714
2 0.25 0.31 0.03 0.039927272727272714
1 0.48 0.32 0.04 0.05323636363636364
3 0.48 0.32 0.04 0.05323636363636364
0 0.28 0.32 0.05 0.059890909090909085
3 0.28 0.32 0.05 0.059890909090909085
0 0.94 0.19000000000000003 0.06 0.09316363636363635
3 0.94 0.19000000000000003 0.06 0.09316363636363635
0 0.43 0.32 0.04 0.05323636363636364
3 0.43 0.32 0.04 0.05323636363636364
0 0.58 0.21 0.07 0.07985454545454546
3 0.58 0.21 0.07 0.07985454545454546
0 0.67 0.16 0.08 0.09316363636363635
3 0.67 0.16 0.08 0.09316363636363635
0 0.06 0.28 0.05 0.06654545454545456
3 0.06 0.28 0.05 0.06654545454545456
0 0.35 0.31 0.03 0.053236363636363665
3 0.35 0.31 0.03 0.053236363636363665
0 0.17 0.38000000000000006 0.12 0.1397454545454545
3 0.17 0.38000000000000006 0.12 0.1397454545454545
0 0.81 0.16999999999999998 0.1 0.11312727272727273
3 0.81 0.16999999999999998 0.1 0.11312727272727273
