0 0.42407801418439717 0.3356983240223464 0.06581560283687944 0.06847517730496455
3 0.42407801418439717 0.3356983240223464 0.06581560283687944 0.06847517730496455
0 0.36 0.29 0.08 0.08886524822695037
3 0.36 0.29 0.08 0.08886524822695037
1 0.06999999999999999 0.25 0.05999999999999999 0.06982269503546099
3 0.06999999999999999 0.25 0.05999999999999999 0.06982269503546099
1 0.58 0.3 0.07000000000000003 0.08251773049645389
3 0.58 0.3 0.07000000000000003 0.08251773049645389
0 0.78 0.3 0.08 0.10790780141843968
3 0.78 0.3 0.08 0.10790780141843968
3 0.184468085106383 0.2522346368715084 0.06656028368794327 0.0676950354609929
1 0.184468085106383 0.2522346368715084 0.06656028368794327 0.0676950354609929
