3 0.45883268482490275 0.0713265306122449 0.09610894941634242 0.1129182879377432
0 0.45883268482490275 0.0713265306122449 0.09610894941634242 0.1129182879377432
0 0.12 0.14 0.06999999999999999 0.09914396887159534
3 0.12 0.14 0.06999999999999999 0.09914396887159534
0 0.2272373540856031 0.07959183673469387 0.13276264591439688 0.16809338521400777
3 0.2272373540856031 0.07959183673469387 0.13276264591439688 0.16809338521400777
3 0.1756420233463035 0.1795918367346939 0.07 0.09785992217898833
0 0.1756420233463035 0.1795918367346939 0.07 0.09785992217898833
3 0.5505836575875487 0.10051020408163265 0.11941634241245136 0.14980544747081712
0 0.5505836575875487 0.10051020408163265 0.11941634241245136 0.14980544747081712
3 0.35000000000000003 0.1306122448979592 0.0959143968871595 0.1303501945525292
0 0.35000000000000003 0.1306122448979592 0.0959143968871595 0.1303501945525292
