2 0.6 0.33999999999999997 0.04000000000000009 0.05441176470588237
0 0.6 0.33999999999999997 0.04000000000000009 0.05441176470588237
1 0.40345588235294116 0.25351351351351353 0.019852941176470608 0.018750000000000006
3 0.40345588235294116 0.25351351351351353 0.019852941176470608 0.018750000000000006
0 0.13 0.3 0.030000000000000013 0.040808823529411745
3 0.13 0.3 0.030000000000000013 0.040808823529411745
0 0.35000000000000003 0.37 0.01999999999999999 0.027205882352941146
2 0.35000000000000003 0.37 0.01999999999999999 0.027205882352941146
0 0.48 0.3 0.03999999999999998 0.05441176470588234
3 0.48 0.3 0.03999999999999998 0.05441176470588234
1 0.25 0.31 0.05999999999999998 0.08841911764705884
3 0.25 0.31 0.05999999999999998 0.08841911764705884
