2 0.48 0.47000000000000003 0.05999999999999999 0.062508038585209
0 0.48 0.47000000000000003 0.05999999999999999 0.062508038585209
3 0.29 0.19 0.10000000000000003 0.10938906752411574
0 0.29 0.19 0.10000000000000003 0.10938906752411574
3 0.72 0.62 0.05000000000000004 0.05209003215434085
0 0.72 0.62 0.05000000000000004 0.05209003215434085
2 0.62 0.6900000000000001 0.039999999999999994 0.04688102893890675
0 0.62 0.6900000000000001 0.039999999999999994 0.04688102893890675
3 0.37003215434083603 0.6456790123456789 0.03434083601286176 0.05466237942122187
0 0.37003215434083603 0.6456790123456789 0.03434083601286176 0.05466237942122187
