0 0.34 0.16 0.02999999999999998 0.028730964467005078
2 0.34 0.16 0.02999999999999998 0.028730964467005078
2 0.47000000000000003 0.21 0.05999999999999996 0.03898477157360407
0 0.47000000000000003 0.21 0.05999999999999996 0.03898477157360407
2 0.59 0.29 0.02999999999999998 0.025989847715736047
0 0.59 0.29 0.02999999999999998 0.025989847715736047
2 0.72 0.21 0.03999999999999998 0.029238578680203044
0 0.72 0.21 0.03999999999999998 0.029238578680203044
2 0.66 0.34 0.04999999999999997 0.032487309644670045
0 0.66 0.34 0.04999999999999997 0.032487309644670045
0 0.059593908629441625 0.0 0.07974619289340101 0.059340101522842637
2 0.059593908629441625 0.0 0.07974619289340101 0.059340101522842637
2 0.7899999999999999 0.26 0.01999999999999999 0.012994923857868013
0 0.7899999999999999 0.26 0.01999999999999999 0.012994923857868013
0 0.19946700507614215 0.05875 0.02723350253807104 0.035406091370558376
2 0.19946700507614215 0.05875 0.02723350253807104 0.035406091370558376
0 0.5570812182741117 0.282265625 0.02043147208121823 0.025888324873096436
2 0.5570812182741117 0.282265625 0.02043147208121823 0.025888324873096436
