3 0.46123636363636367 0.6988524590163935 0.030545454545454567 0.03090909090909086
0 0.46123636363636367 0.6988524590163935 0.030545454545454567 0.03090909090909086
3 0.8256727272727273 0.629016393442623 0.02563636363636368 0.02865454545454544
0 0.8256727272727273 0.629016393442623 0.02563636363636368 0.02865454545454544
3 0.7909818181818182 0.7604371584699453 0.04374545454545455 0.03316363636363638
0 0.7909818181818182 0.7604371584699453 0.04374545454545455 0.03316363636363638
3 0.5905454545454546 0.6107103825136613 0.02799999999999996 0.02509090909090906
0 0.5905454545454546 0.6107103825136613 0.02799999999999996 0.02509090909090906
3 0.5178181818181818 0.6046994535519126 0.02690909090909093 0.02181818181818182
0 0.5178181818181818 0.6046994535519126 0.02690909090909093 0.02181818181818182
2 0.4549090909090909 0.5291256830601093 0.016145454545454536 0.012654545454545469
0 0.4549090909090909 0.5291256830601093 0.016145454545454536 0.012654545454545469
3 0.35032727272727276 0.6099453551912568 0.02218181818181816 0.020363636363636344
0 0.35032727272727276 0.6099453551912568 0.02218181818181816 0.020363636363636344
3 0.2893454545454545 0.6799999999999999 0.022400000000000038 0.02323636363636369
0 0.2893454545454545 0.6799999999999999 0.022400000000000038 0.02323636363636369
3 0.036436363636363635 0.6457377049180328 0.023199999999999995 0.022799999999999987
0 0.036436363636363635 0.6457377049180328 0.023199999999999995 0.022799999999999987
3 0.7 0.58 0.02 0.033272727272727294
0 0.7 0.58 0.02 0.033272727272727294
2 0.49 0.51 0.02 0.026618181818181846
0 0.49 0.51 0.02 0.026618181818181846
3 0.93 0.61 0.03 0.033272727272727294
0 0.93 0.61 0.03 0.033272727272727294
