0 0.26730909090909094 0.5483060109289618 0.030545454545454515 0.03076363636363634
3 0.26730909090909094 0.5483060109289618 0.030545454545454515 0.03076363636363634
0 0.22 0.62 0.04 0.04658181818181819
3 0.22 0.62 0.04 0.04658181818181819
0 0.43887272727272725 0.5449726775956284 0.030545454545454567 0.034181818181818154
3 0.43887272727272725 0.5449726775956284 0.030545454545454567 0.034181818181818154
3 0.12203636363636365 0.5259562841530054 0.03781818181818181 0.03490909090909089
0 0.12203636363636365 0.5259562841530054 0.03781818181818181 0.03490909090909089
3 0.7060000000000001 0.5973224043715847 0.03018181818181812 0.03272727272727273
0 0.7060000000000001 0.5973224043715847 0.03018181818181812 0.03272727272727273
