3 0.060000000000000005 0.39 0.049999999999999996 0.053722627737226275
0 0.060000000000000005 0.39 0.049999999999999996 0.053722627737226275
1 0.32 0.43999999999999995 0.03999999999999998 0.04700729927007303
3 0.32 0.43999999999999995 0.03999999999999998 0.04700729927007303
3 0.74 0.09999999999999999 0.08999999999999998 0.10744525547445258
0 0.74 0.09999999999999999 0.08999999999999998 0.10744525547445258
3 0.12000000000000001 0.43000000000000005 0.04 0.053722627737226275
0 0.12000000000000001 0.43000000000000005 0.04 0.053722627737226275
3 0.6463503649635036 0.60625 0.022627737226277436 0.020437956204379593
1 0.6463503649635036 0.60625 0.022627737226277436 0.020437956204379593
3 0.5599999999999999 0.53 0.019999999999999962 0.026861313868613138
0 0.5599999999999999 0.53 0.019999999999999962 0.026861313868613138
