0 0.26351170568561877 0.5358928571428572 0.014715719063545123 0.017056856187290952
2 0.26351170568561877 0.5358928571428572 0.014715719063545123 0.017056856187290952
3 0.6721404682274248 0.622202380952381 0.023411371237458192 0.028996655518394653
0 0.6721404682274248 0.622202380952381 0.023411371237458192 0.028996655518394653
3 0.79 0.31 0.10000000000000002 0.12923076923076923
1 0.79 0.31 0.10000000000000002 0.12923076923076923
3 0.42 0.16999999999999998 0.15000000000000002 0.16294314381270902
1 0.42 0.16999999999999998 0.15000000000000002 0.16294314381270902
2 0.18782608695652173 0.5363095238095238 0.01889632107023413 0.016153846153846196
0 0.18782608695652173 0.5363095238095238 0.01889632107023413 0.016153846153846196
