3 0.4283203559510567 0.3327017543859649 0.06797552836484985 0.07106785317018911
0 0.4283203559510567 0.3327017543859649 0.06797552836484985 0.07106785317018911
3 0.07540600667408232 0.25877192982456143 0.057697441601779746 0.06340378197997776
1 0.07540600667408232 0.25877192982456143 0.057697441601779746 0.06340378197997776
1 0.58 0.3 0.07000000000000008 0.08242491657397107
3 0.58 0.3 0.07000000000000008 0.08242491657397107
0 0.37 0.29000000000000004 0.06 0.07608453837597327
3 0.37 0.29000000000000004 0.06 0.07608453837597327
3 0.78 0.31 0.07999999999999996 0.09510567296996662
1 0.78 0.31 0.07999999999999996 0.09510567296996662
3 0.19 0.25 0.06 0.06974416017797551
1 0.19 0.25 0.06 0.06974416017797551
