2 0.21 0.75 0.01 0.016799999999999975
0 0.21 0.75 0.01 0.016799999999999975
2 0.89 0.82 0.03 0.01680000000000007
0 0.89 0.82 0.03 0.01680000000000007
3 0.35 0.8500000000000001 0.01 0.016799999999999975
0 0.35 0.8500000000000001 0.01 0.016799999999999975
0 0.9416000000000001 0.864642857142857 0.017766666666666615 0.01873333333333335
3 0.9416000000000001 0.864642857142857 0.017766666666666615 0.01873333333333335
0 0.8673 0.7231547619047619 0.012666666666666705 0.012000000000000028
2 0.8673 0.7231547619047619 0.012666666666666705 0.012000000000000028
0 0.7004333333333334 0.8848214285714286 0.013333333333333334 0.01699999999999998
2 0.7004333333333334 0.8848214285714286 0.013333333333333334 0.01699999999999998
0 0.5996 0.7198214285714286 0.010566666666666719 0.011499999999999962
2 0.5996 0.7198214285714286 0.010566666666666719 0.011499999999999962
0 0.5213 0.7133333333333334 0.012000000000000077 0.010666666666666677
2 0.5213 0.7133333333333334 0.012000000000000077 0.010666666666666677
0 0.11463333333333334 0.8242857142857142 0.011599999999999989 0.014400000000000072
2 0.11463333333333334 0.8242857142857142 0.011599999999999989 0.014400000000000072
0 0.10156666666666667 0.673154761904762 0.012333333333333342 0.012333333333333342
3 0.10156666666666667 0.673154761904762 0.012333333333333342 0.012333333333333342
0 0.20023333333333335 0.6541071428571429 0.009666666666666662 0.01099999999999999
2 0.20023333333333335 0.6541071428571429 0.009666666666666662 0.01099999999999999
0 0.5726666666666667 0.7182738095238095 0.011666666666666667 0.010333333333333314
2 0.5726666666666667 0.7182738095238095 0.011666666666666667 0.010333333333333314
