3 0.3609634551495017 0.39607142857142863 0.0308970099667774 0.03986710963455149
0 0.3609634551495017 0.39607142857142863 0.0308970099667774 0.03986710963455149
3 0.43734219269102986 0.3848809523809524 0.04000000000000007 0.04465116279069767
0 0.43734219269102986 0.3848809523809524 0.04000000000000007 0.04465116279069767
0 0.19 0.31 0.07000000000000002 0.0669767441860465
2 0.19 0.31 0.07000000000000002 0.0669767441860465
1 0.31 0.36 0.04999999999999999 0.06139534883720929
3 0.31 0.36 0.04999999999999999 0.06139534883720929
0 0.49000000000000005 0.33999999999999997 0.04999999999999994 0.055813953488372106
2 0.49000000000000005 0.33999999999999997 0.04999999999999994 0.055813953488372106
