3 0.33 0.35 0.05 0.061600000000000016
1 0.33 0.35 0.05 0.061600000000000016
3 0.61 0.48 0.03 0.03359999999999999
0 0.61 0.48 0.03 0.03359999999999999
2 0.59 0.48999999999999994 0.02 0.028000000000000018
0 0.59 0.48999999999999994 0.02 0.028000000000000018
3 0.67 0.48999999999999994 0.02 0.028000000000000018
0 0.67 0.48999999999999994 0.02 0.028000000000000018
3 0.1 0.6599999999999999 0.06 0.07280000000000002
0 0.1 0.6599999999999999 0.06 0.07280000000000002
3 0.5 0.48 0.03 0.03359999999999999
0 0.5 0.48 0.03 0.03359999999999999
0 0.7436666666666667 0.6244047619047619 0.023400000000000035 0.024366666666666627
3 0.7436666666666667 0.6244047619047619 0.023400000000000035 0.024366666666666627
