3 0.39 0.32 0.059999999999999984 0.07741935483870968
1 0.39 0.32 0.059999999999999984 0.07741935483870968
0 0.16 0.34 0.05000000000000001 0.05806451612903227
3 0.16 0.34 0.05000000000000001 0.05806451612903227
1 0.51 0.37 0.05000000000000006 0.07096774193548391
3 0.51 0.37 0.05000000000000006 0.07096774193548391
1 0.049999999999999996 0.27999999999999997 0.11 0.14193548387096774
3 0.049999999999999996 0.27999999999999997 0.11 0.14193548387096774
0 0.19917562724014337 0.35761111111111116 0.060000000000000005 0.07096774193548386
3 0.19917562724014337 0.35761111111111116 0.060000000000000005 0.07096774193548386
0 0.72 0.39 0.09000000000000005 0.11612903225806448
3 0.72 0.39 0.09000000000000005 0.11612903225806448
0 0.28 0.34 0.029999999999999964 0.051612903225806424
3 0.28 0.34 0.029999999999999964 0.051612903225806424
2 0.6160573476702509 0.4362222222222222 0.024014336917562783 0.022939068100358444
0 0.6160573476702509 0.4362222222222222 0.024014336917562783 0.022939068100358444
