3 0.38 0.69 0.02 0.026618181818181846
0 0.38 0.69 0.02 0.026618181818181846
0 0.28 0.39 0.02 0.026618181818181794
2 0.28 0.39 0.02 0.026618181818181794
2 0.11807272727272727 0.07103825136612021 0.013454545454545466 0.012727272727272728
0 0.11807272727272727 0.07103825136612021 0.013454545454545466 0.012727272727272728
2 0.4809454545454545 0.4930601092896175 0.02105454545454553 0.01818181818181818
0 0.4809454545454545 0.4930601092896175 0.02105454545454553 0.01818181818181818
2 0.10290909090909091 0.7836612021857924 0.019345454545454534 0.023454545454545516
0 0.10290909090909091 0.7836612021857924 0.019345454545454534 0.023454545454545516
0 0.34 0.14 0.01 0.019963636363636357
2 0.34 0.14 0.01 0.019963636363636357
0 0.09 0.65 0.03 0.03327272727272724
3 0.09 0.65 0.03 0.03327272727272724
0 0.84 0.44999999999999996 0.03 0.03992727272727274
3 0.84 0.44999999999999996 0.03 0.03992727272727274
0 0.27 0.08 0.02 0.019963636363636357
2 0.27 0.08 0.02 0.019963636363636357
