0 0.45 0.08 0.05 0.07320000000000002
3 0.45 0.08 0.05 0.07320000000000002
0 0.34 0.08 0.06 0.08650909090909091
3 0.34 0.08 0.06 0.08650909090909091
0 0.63 0.07 0.06 0.08650909090909091
2 0.63 0.07 0.06 0.08650909090909091
3 0.10894545454545455 0.6212021857923498 0.09032727272727271 0.10556363636363637
0 0.10894545454545455 0.6212021857923498 0.09032727272727271 0.10556363636363637
3 0.7731636363636364 0.5673224043715847 0.09410909090909089 0.12159999999999999
0 0.7731636363636364 0.5673224043715847 0.09410909090909089 0.12159999999999999
