3 0.09982078853046596 0.23133333333333334 0.09433691756272401 0.09236559139784944
0 0.09982078853046596 0.23133333333333334 0.09433691756272401 0.09236559139784944
0 0.6225448028673835 0.2141111111111111 0.09333333333333331 0.09727598566308246
3 0.6225448028673835 0.2141111111111111 0.09333333333333331 0.09727598566308246
0 0.6599999999999999 0.08 0.06000000000000003 0.08387096774193548
2 0.6599999999999999 0.08 0.06000000000000003 0.08387096774193548
3 0.13 0.3 0.10999999999999997 0.12903225806451613
0 0.13 0.3 0.10999999999999997 0.12903225806451613
3 0.62 0.68 0.10000000000000002 0.14193548387096772
0 0.62 0.68 0.10000000000000002 0.14193548387096772
0 0.47 0.060000000000000005 0.10000000000000002 0.11612903225806454
2 0.47 0.060000000000000005 0.10000000000000002 0.11612903225806454
