2 0.4 0.55 0.01 0.016799999999999975
0 0.4 0.55 0.01 0.016799999999999975
3 0.1 0.55 0.02 0.022399999999999996
0 0.1 0.55 0.02 0.022399999999999996
3 0.28 0.51 0.02 0.027999999999999973
0 0.28 0.51 0.02 0.027999999999999973
0 0.35 0.55 0.02 0.016799999999999975
2 0.35 0.55 0.02 0.016799999999999975
0 0.47 0.51 0.03 0.027999999999999973
3 0.47 0.51 0.03 0.027999999999999973
0 0.6 0.52 0.02 0.022399999999999996
2 0.6 0.52 0.02 0.022399999999999996
3 0.57 0.51 0.03 0.027999999999999973
0 0.57 0.51 0.03 0.027999999999999973
0 0.48 0.52 0.03 0.028000000000000018
2 0.48 0.52 0.03 0.028000000000000018
3 0.61 0.51 0.02 0.027999999999999973
0 0.61 0.51 0.02 0.027999999999999973
2 0.27 0.54 0.02 0.022399999999999996
0 0.27 0.54 0.02 0.022399999999999996
2 0.75 0.46 0.04 0.04479999999999999
0 0.75 0.46 0.04 0.04479999999999999
0 0.66 0.48999999999999994 0.04 0.03920000000000002
3 0.66 0.48999999999999994 0.04 0.03920000000000002
0 0.73 0.41 0.03 0.04479999999999999
2 0.73 0.41 0.03 0.04479999999999999
0 0.56 0.52 0.01 0.022399999999999996
2 0.56 0.52 0.01 0.022399999999999996
0 0.53 0.52 0.01 0.022399999999999996
2 0.53 0.52 0.01 0.022399999999999996
0 0.43 0.54 0.02 0.022399999999999996
2 0.43 0.54 0.02 0.022399999999999996
