1 0.12000000000000001 0.44 0.09000000000000001 0.10680412371134028
3 0.12000000000000001 0.44 0.09000000000000001 0.10680412371134028
3 0.57 0.41 0.09999999999999995 0.1068041237113402
0 0.57 0.41 0.09999999999999995 0.1068041237113402
0 0.7799999999999999 0.39999999999999997 0.12000000000000001 0.13350515463917528
3 0.7799999999999999 0.39999999999999997 0.12000000000000001 0.13350515463917528
1 0.57 0.26 0.09999999999999995 0.1068041237113402
3 0.57 0.26 0.09999999999999995 0.1068041237113402
3 0.6699999999999999 0.24 0.09000000000000004 0.09345360824742273
0 0.6699999999999999 0.24 0.09000000000000004 0.09345360824742273
