3 0.42 0.08 0.11999999999999998 0.16770491803278686
0 0.42 0.08 0.11999999999999998 0.16770491803278686
3 0.5399999999999999 0.030000000000000002 0.17000000000000007 0.2001639344262295
0 0.5399999999999999 0.030000000000000002 0.17000000000000007 0.2001639344262295
3 0.26999999999999996 0.15 0.09000000000000001 0.11360655737704918
0 0.26999999999999996 0.15 0.09000000000000001 0.11360655737704918
2 0.72 0.12000000000000001 0.16999999999999998 0.2001639344262295
0 0.72 0.12000000000000001 0.16999999999999998 0.2001639344262295
3 0.21 0.14 0.09000000000000001 0.1244262295081967
0 0.21 0.14 0.09000000000000001 0.1244262295081967
3 0.34 0.12000000000000001 0.10999999999999999 0.14606557377049179
0 0.34 0.12000000000000001 0.10999999999999999 0.14606557377049179
2 0.15 0.18 0.06999999999999998 0.08114754098360658
0 0.15 0.18 0.06999999999999998 0.08114754098360658
3 0.05 0.0 0.05999999999999999 0.07032786885245901
0 0.05 0.0 0.05999999999999999 0.07032786885245901
