2 0.763421875 0.29920995670995676 0.010000000000000024 0.014437499999999985
0 0.763421875 0.29920995670995676 0.010000000000000024 0.014437499999999985
0 0.13598958333333336 0.14395021645021644 0.009515624999999991 0.00962500000000001
2 0.13598958333333336 0.14395021645021644 0.009515624999999991 0.00962500000000001
3 0.11457291666666666 0.1278030303030303 0.010000000000000009 0.009624999999999995
0 0.11457291666666666 0.1278030303030303 0.010000000000000009 0.009624999999999995
0 0.15657812499999998 0.14946969696969697 0.009999999999999993 0.009624999999999995
3 0.15657812499999998 0.14946969696969697 0.009999999999999993 0.009624999999999995
3 0.0005625000000000001 0.0994047619047619 0.13 0.20693750000000002
1 0.0005625000000000001 0.0994047619047619 0.13 0.20693750000000002
1 0.46 0.2 0.16000000000000003 0.1684375
3 0.46 0.2 0.16000000000000003 0.1684375
0 0.18670833333333334 0.2093831168831169 0.0048437499999999765 0.0063177083333333306
3 0.18670833333333334 0.2093831168831169 0.0048437499999999765 0.0063177083333333306
0 0.77546875 0.3101731601731602 0.006484374999999905 0.009520833333333319
3 0.77546875 0.3101731601731602 0.006484374999999905 0.009520833333333319
0 0.05859375 0.10627705627705628 0.010416666666666666 0.00996875
2 0.05859375 0.10627705627705628 0.010416666666666666 0.00996875
