3 0.6456 0.32551912568306013 0.02072727272727279 0.02036363636363637
0 0.6456 0.32551912568306013 0.02072727272727279 0.02036363636363637
0 0.030472727272727276 0.8299453551912568 0.05010909090909091 0.06676363636363641
3 0.030472727272727276 0.8299453551912568 0.05010909090909091 0.06676363636363641
0 0.1065090909090909 0.7862295081967213 0.025090909090909087 0.0341818181818182
3 0.1065090909090909 0.7862295081967213 0.025090909090909087 0.0341818181818182
3 0.38 0.5700000000000001 0.12 0.15305454545454547
0 0.38 0.5700000000000001 0.12 0.15305454545454547
3 0.24 0.8 0.04 0.059890909090909085
0 0.24 0.8 0.04 0.059890909090909085
2 0.56 0.5399999999999999 0.01 0.019963636363636395
0 0.56 0.5399999999999999 0.01 0.019963636363636395
