0 0.9519931271477662 0.711849710982659 0.027147766323024174 0.017525773195876268
2 0.9519931271477662 0.711849710982659 0.027147766323024174 0.017525773195876268
0 0.5244329896907217 0.8942196531791907 0.019931271477663173 0.014432989690721707
2 0.5244329896907217 0.8942196531791907 0.019931271477663173 0.014432989690721707
0 0.7517869415807561 0.6395953757225434 0.020618556701030927 0.01718213058419244
2 0.7517869415807561 0.6395953757225434 0.020618556701030927 0.01718213058419244
2 0.16030927835051545 0.5935838150289017 0.040893470790378 0.026460481099656367
0 0.16030927835051545 0.5935838150289017 0.040893470790378 0.026460481099656367
2 0.6385223367697594 0.8497109826589595 0.017869415807560098 0.021993127147766342
0 0.6385223367697594 0.8497109826589595 0.017869415807560098 0.021993127147766342
2 0.46 0.5 0.03999999999999995 0.04161512027491409
0 0.46 0.5 0.03999999999999995 0.04161512027491409
2 0.27835051546391754 0.3084393063583815 0.028144329896907207 0.02869415807560138
0 0.27835051546391754 0.3084393063583815 0.028144329896907207 0.02869415807560138
