0 0.17 0.67 0.02 0.03327272727272724
2 0.17 0.67 0.02 0.03327272727272724
0 0.31 0.66 0.03 0.03992727272727269
2 0.31 0.66 0.03 0.03992727272727269
0 0.26 0.65 0.03 0.03992727272727274
2 0.26 0.65 0.03 0.03992727272727274
0 0.44 0.64 0.03 0.04658181818181819
2 0.44 0.64 0.03 0.04658181818181819
0 0.29 0.66 0.03 0.03992727272727269
2 0.29 0.66 0.03 0.03992727272727269
0 0.23 0.64 0.03 0.04658181818181819
2 0.23 0.64 0.03 0.04658181818181819
1 0.69 0.2 0.07 0.0998181818181818
2 0.69 0.2 0.07 0.0998181818181818
0 0.83 0.23 0.07 0.07985454545454543
3 0.83 0.23 0.07 0.07985454545454543
0 0.54 0.16999999999999998 0.07 0.09316363636363635
2 0.54 0.16999999999999998 0.07 0.09316363636363635
0 0.02421818181818182 0.6533333333333333 0.033818181818181824 0.04472727272727277
3 0.02421818181818182 0.6533333333333333 0.033818181818181824 0.04472727272727277
0 0.09621818181818183 0.6675409836065573 0.029818181818181803 0.03490909090909089
3 0.09621818181818183 0.6675409836065573 0.029818181818181803 0.03490909090909089
