0 0.48000000000000004 0.62 0.019999999999999966 0.022474916387959863
2 0.48000000000000004 0.62 0.019999999999999966 0.022474916387959863
0 0.18 0.8 0.029999999999999995 0.03371237458193974
2 0.18 0.8 0.029999999999999995 0.03371237458193974
3 0.3174247491638796 0.5616666666666666 0.021270903010033444 0.026086956521739122
0 0.3174247491638796 0.5616666666666666 0.021270903010033444 0.026086956521739122
2 0.5824749163879599 0.2316666666666667 0.01371237458193978 0.01474916387959865
0 0.5824749163879599 0.2316666666666667 0.01371237458193978 0.01474916387959865
2 0.12628762541806018 0.6710714285714285 0.019397993311036803 0.026421404682274267
0 0.12628762541806018 0.6710714285714285 0.019397993311036803 0.026421404682274267
3 0.34491638795986623 0.28636904761904763 0.025418060200668925 0.02274247491638795
0 0.34491638795986623 0.28636904761904763 0.025418060200668925 0.02274247491638795
3 0.37578595317725755 0.7124404761904761 0.02040133779264212 0.021103678929765893
0 0.37578595317725755 0.7124404761904761 0.02040133779264212 0.021103678929765893
3 0.2991304347826087 0.60375 0.026421404682274267 0.027090301003344464
0 0.2991304347826087 0.60375 0.026421404682274267 0.027090301003344464
3 0.8120735785953177 0.5108333333333333 0.013745819397993261 0.012709030100334487
0 0.8120735785953177 0.5108333333333333 0.013745819397993261 0.012709030100334487
