0 0.7865454545454545 0.16732240437158472 0.031490909090909076 0.035927272727272724
3 0.7865454545454545 0.16732240437158472 0.031490909090909076 0.035927272727272724
0 0.3264727272727273 0.3846994535519126 0.03745454545454544 0.040363636363636345
3 0.3264727272727273 0.3846994535519126 0.03745454545454544 0.040363636363636345
0 0.4259272727272727 0.619672131147541 0.040363636363636345 0.04945454545454543
3 0.4259272727272727 0.619672131147541 0.040363636363636345 0.04945454545454543
3 0.1 0.16999999999999998 0.03 0.04658181818181819
0 0.1 0.16999999999999998 0.03 0.04658181818181819
0 0.41 0.16 0.03 0.05323636363636364
3 0.41 0.16 0.03 0.05323636363636364
