3 0.6618166666666666 0.1211875 0.04055833333333339 0.03944166666666667
0 0.6618166666666666 0.1211875 0.04055833333333339 0.03944166666666667
3 0.44 0.23 0.12 0.14666666666666667
0 0.44 0.23 0.12 0.14666666666666667
3 0.72 0.2 0.09 0.1
0 0.72 0.2 0.09 0.1
3 0.56 0.05 0.02 0.03333333333333333
0 0.56 0.05 0.02 0.03333333333333333
3 0.15 0.1 0.02 0.03333333333333333
0 0.15 0.1 0.02 0.03333333333333333
3 0.49 0.03 0.02 0.04
0 0.49 0.03 0.02 0.04
3 0.05 0.12 0.02 0.03333333333333333
0 0.05 0.12 0.02 0.03333333333333333
3 0.0 0.07 0.03 0.04
0 0.0 0.07 0.03 0.04
