3 0.51 0.36000000000000004 0.03999999999999998 0.07169811320754717
1 0.51 0.36000000000000004 0.03999999999999998 0.07169811320754717
0 0.9736226415094339 0.33573684210526317 0.02637735849056607 0.05660377358490569
3 0.9736226415094339 0.33573684210526317 0.02637735849056607 0.05660377358490569
1 0.6799999999999999 0.33 0.05 0.07169811320754717
3 0.6799999999999999 0.33 0.05 0.07169811320754717
0 0.7799999999999999 0.37 0.030000000000000065 0.05735849056603775
2 0.7799999999999999 0.37 0.030000000000000065 0.05735849056603775
1 0.81 0.37 0.03999999999999998 0.06452830188679248
2 0.81 0.37 0.03999999999999998 0.06452830188679248
0 0.11 0.33 0.06 0.08603773584905659
2 0.11 0.33 0.06 0.08603773584905659
0 0.7200000000000001 0.33999999999999997 0.05 0.06452830188679248
3 0.7200000000000001 0.33999999999999997 0.05 0.06452830188679248
0 0.33999999999999997 0.32 0.07000000000000005 0.08603773584905659
2 0.33999999999999997 0.32 0.07000000000000005 0.08603773584905659
0 0.56 0.33999999999999997 0.06000000000000002 0.07886792452830191
3 0.56 0.33999999999999997 0.06000000000000002 0.07886792452830191
0 0.85 0.35 0.06000000000000002 0.07886792452830191
2 0.85 0.35 0.06000000000000002 0.07886792452830191
