3 0.44 0.23 0.12 0.14639999999999997
0 0.44 0.23 0.12 0.14639999999999997
0 0.56 0.05 0.03 0.03327272727272727
3 0.56 0.05 0.03 0.03327272727272727
0 0.73 0.19000000000000003 0.08 0.10647272727272725
3 0.73 0.19000000000000003 0.08 0.10647272727272725
1 0.14545454545454545 0.1012568306010929 0.024727272727272716 0.036
3 0.14545454545454545 0.1012568306010929 0.024727272727272716 0.036
1 0.001090909090909091 0.07885245901639344 0.03381818181818182 0.02727272727272727
3 0.001090909090909091 0.07885245901639344 0.03381818181818182 0.02727272727272727
1 0.05090909090909091 0.12803278688524591 0.02436363636363636 0.026181818181818178
3 0.05090909090909091 0.12803278688524591 0.02436363636363636 0.026181818181818178
1 0.1428 0.22289617486338797 0.02738181818181816 0.015054545454545456
3 0.1428 0.22289617486338797 0.02738181818181816 0.015054545454545456
1 0.47821818181818176 0.03715846994535519 0.03272727272727273 0.02763636363636364
3 0.47821818181818176 0.03715846994535519 0.03272727272727273 0.02763636363636364
1 0.6616727272727273 0.12306010928961748 0.0358181818181818 0.036436363636363635
3 0.6616727272727273 0.12306010928961748 0.0358181818181818 0.036436363636363635
