3 0.13999999999999999 0.07 0.06999999999999999 0.08426724137931033
1 0.13999999999999999 0.07 0.06999999999999999 0.08426724137931033
1 0.74 0.24000000000000002 0.059999999999999984 0.06741379310344826
3 0.74 0.24000000000000002 0.059999999999999984 0.06741379310344826
1 0.09999999999999999 0.07 0.06999999999999999 0.08988505747126437
3 0.09999999999999999 0.07 0.06999999999999999 0.08988505747126437
0 0.44 0.1 0.059999999999999984 0.06741379310344826
3 0.44 0.1 0.059999999999999984 0.06741379310344826
0 0.33 0.060000000000000005 0.06999999999999995 0.0730316091954023
3 0.33 0.060000000000000005 0.06999999999999995 0.0730316091954023
