0 0.52 0.11 0.04 0.056
2 0.52 0.11 0.04 0.056
1 0.27613333333333334 0.08928571428571429 0.044866666666666645 0.056333333333333326
3 0.27613333333333334 0.08928571428571429 0.044866666666666645 0.056333333333333326
3 0.4476666666666667 0.21250000000000002 0.05456666666666659 0.06566666666666665
1 0.4476666666666667 0.21250000000000002 0.05456666666666659 0.06566666666666665
0 0.8 0.43 0.07 0.08960000000000003
3 0.8 0.43 0.07 0.08960000000000003
0 0.3 0.29 0.06 0.061600000000000016
3 0.3 0.29 0.06 0.061600000000000016
1 0.67 0.27999999999999997 0.07 0.08399999999999999
2 0.67 0.27999999999999997 0.07 0.08399999999999999
0 0.59 0.15 0.06 0.0672
3 0.59 0.15 0.06 0.0672
0 0.32 0.44999999999999996 0.07 0.084
3 0.32 0.44999999999999996 0.07 0.084
0 0.13 0.37 0.07 0.07840000000000004
2 0.13 0.37 0.07 0.07840000000000004
