3 0.62 0.31 0.040000000000000036 0.04861111111111111
0 0.62 0.31 0.040000000000000036 0.04861111111111111
2 0.41 0.34 0.030000000000000002 0.036458333333333336
0 0.41 0.34 0.030000000000000002 0.036458333333333336
2 0.29 0.2 0.020000000000000018 0.030381944444444444
0 0.29 0.2 0.020000000000000018 0.030381944444444444
2 0.74 0.39 0.029999999999999954 0.030381944444444444
0 0.74 0.39 0.029999999999999954 0.030381944444444444
2 0.5307291666666667 0.04131428571428572 0.01249999999999998 0.013888888888888888
0 0.5307291666666667 0.04131428571428572 0.01249999999999998 0.013888888888888888
2 0.5733680555555556 0.13240000000000002 0.017708333333333312 0.018402777777777768
0 0.5733680555555556 0.13240000000000002 0.017708333333333312 0.018402777777777768
3 0.4204513888888889 0.6354285714285715 0.03888888888888885 0.043402777777777776
0 0.4204513888888889 0.6354285714285715 0.03888888888888885 0.043402777777777776
3 0.28350694444444446 0.48560000000000003 0.039236111111111104 0.0315972222222222
0 0.28350694444444446 0.48560000000000003 0.039236111111111104 0.0315972222222222
2 0.6005555555555556 0.07594285714285713 0.0142013888888889 0.014236111111111116
0 0.6005555555555556 0.07594285714285713 0.0142013888888889 0.014236111111111116
2 0.17041666666666666 0.1258857142857143 0.01111111111111112 0.011423611111111108
0 0.17041666666666666 0.1258857142857143 0.01111111111111112 0.011423611111111108
2 0.03732638888888889 0.09268571428571427 0.013888888888888888 0.013541666666666674
0 0.03732638888888889 0.09268571428571427 0.013888888888888888 0.013541666666666674
0 0.46218750000000003 0.35605714285714285 0.028472222222222184 0.038506944444444455
3 0.46218750000000003 0.35605714285714285 0.028472222222222184 0.038506944444444455
3 0.4690972222222222 0.248 0.028506944444444474 0.032291666666666684
0 0.4690972222222222 0.248 0.028506944444444474 0.032291666666666684
0 0.49211805555555554 0.04497142857142857 0.013194444444444484 0.01885416666666667
2 0.49211805555555554 0.04497142857142857 0.013194444444444484 0.01885416666666667
0 0.596875 0.1 0.024305555555555556 0.024305555555555556
2 0.596875 0.1 0.024305555555555556 0.024305555555555556
