0 0.36 0.15 0.03999999999999998 0.04494983277591973
2 0.36 0.15 0.03999999999999998 0.04494983277591973
1 0.36 0.21000000000000002 0.05999999999999999 0.06180602006688962
2 0.36 0.21000000000000002 0.05999999999999999 0.06180602006688962
1 0.19999999999999998 0.16999999999999998 0.04000000000000003 0.0505685618729097
2 0.19999999999999998 0.16999999999999998 0.04000000000000003 0.0505685618729097
0 0.43 0.12 0.04000000000000003 0.04494983277591973
2 0.43 0.12 0.04000000000000003 0.04494983277591973
1 0.9099999999999999 0.16 0.07000000000000002 0.07866220735785953
3 0.9099999999999999 0.16 0.07000000000000002 0.07866220735785953
1 0.83 0.27 0.07999999999999996 0.08989966555183945
2 0.83 0.27 0.07999999999999996 0.08989966555183945
1 0.22999999999999998 0.16999999999999998 0.05999999999999999 0.07866220735785953
2 0.22999999999999998 0.16999999999999998 0.05999999999999999 0.07866220735785953
1 0.09 0.11 0.07 0.07866220735785953
2 0.09 0.11 0.07 0.07866220735785953
1 0.44 0.22 0.05999999999999999 0.07866220735785952
2 0.44 0.22 0.05999999999999999 0.07866220735785952
1 0.71 0.24 0.07000000000000002 0.06742474916387958
2 0.71 0.24 0.07000000000000002 0.06742474916387958
1 0.030000000000000002 0.19 0.09000000000000001 0.10113712374581939
2 0.030000000000000002 0.19 0.09000000000000001 0.10113712374581939
1 0.29 0.22 0.09000000000000004 0.10675585284280935
2 0.29 0.22 0.09000000000000004 0.10675585284280935
0 0.12000000000000001 0.53 0.22 0.24160535117056856
3 0.12000000000000001 0.53 0.22 0.24160535117056856
0 0.0 0.47261904761904766 0.07705685618729097 0.12133779264214047
2 0.0 0.47261904761904766 0.07705685618729097 0.12133779264214047
0 0.9600000000000001 0.19 0.03999999999999993 0.056187290969899654
2 0.9600000000000001 0.19 0.03999999999999993 0.056187290969899654
0 0.54 0.16 0.03999999999999993 0.05618729096989967
3 0.54 0.16 0.03999999999999993 0.05618729096989967
