2 0.23 0.0 0.07 0.056607773851590104
0 0.23 0.0 0.07 0.056607773851590104
2 0.64 0.21000000000000002 0.05000000000000002 0.05660777385159009
0 0.64 0.21000000000000002 0.05000000000000002 0.05660777385159009
2 0.42 0.2 0.04000000000000003 0.06289752650176678
0 0.42 0.2 0.04000000000000003 0.06289752650176678
3 0.5700000000000001 0.14 0.05999999999999996 0.07547703180212013
1 0.5700000000000001 0.14 0.05999999999999996 0.07547703180212013
3 0.26999999999999996 0.14 0.08 0.09434628975265016
1 0.26999999999999996 0.14 0.08 0.09434628975265016
3 0.48000000000000004 0.06 0.07999999999999995 0.10692579505300352
1 0.48000000000000004 0.06 0.07999999999999995 0.10692579505300352
