2 0.8099999999999999 0.23 0.07999999999999997 0.10875420875420877
1 0.8099999999999999 0.23 0.07999999999999997 0.10875420875420877
0 0.43 0.69 0.030000000000000037 0.040067340067340036
2 0.43 0.69 0.030000000000000037 0.040067340067340036
2 0.49 0.51 0.03999999999999999 0.034343434343434356
0 0.49 0.51 0.03999999999999999 0.034343434343434356
2 0.6 0.5 0.030000000000000086 0.040067340067340085
0 0.6 0.5 0.030000000000000086 0.040067340067340085
0 0.06999999999999999 0.01 0.13 0.13164983164983163
3 0.06999999999999999 0.01 0.13 0.13164983164983163
2 0.5499999999999999 0.69 0.02999999999999999 0.040067340067340036
0 0.5499999999999999 0.69 0.02999999999999999 0.040067340067340036
0 0.39 0.51 0.02999999999999999 0.040067340067340036
2 0.39 0.51 0.02999999999999999 0.040067340067340036
