0 0.7180000000000001 0.251840490797546 0.01387096774193543 0.011935483870967751
2 0.7180000000000001 0.251840490797546 0.01387096774193543 0.011935483870967751
2 0.7812258064516129 0.27392638036809813 0.011935483870967704 0.009032258064516142
0 0.7812258064516129 0.27392638036809813 0.011935483870967704 0.009032258064516142
3 0.8460645161290322 0.2616564417177914 0.010967741935483982 0.013548387096774204
0 0.8460645161290322 0.2616564417177914 0.010967741935483982 0.013548387096774204
3 0.9531612903225807 0.2929447852760736 0.012903225806451613 0.011612903225806456
0 0.9531612903225807 0.2929447852760736 0.012903225806451613 0.011612903225806456
2 0.7191935483870967 0.7158282208588957 0.017419354838709697 0.023870967741935457
0 0.7191935483870967 0.7158282208588957 0.017419354838709697 0.023870967741935457
3 0.8899999999999999 0.61 0.07000000000000015 0.07361290322580644
1 0.8899999999999999 0.61 0.07000000000000015 0.07361290322580644
0 0.76 0.3 0.020000000000000056 0.02103225806451614
2 0.76 0.3 0.020000000000000056 0.02103225806451614
