3 0.5988 0.026775956284153007 0.01858181818181823 0.021090909090909087
0 0.5988 0.026775956284153007 0.01858181818181823 0.021090909090909087
0 0.81 0.78 0.04 0.04658181818181819
3 0.81 0.78 0.04 0.04658181818181819
0 0.43 0.030000000000000002 0.02 0.02661818181818182
2 0.43 0.030000000000000002 0.02 0.02661818181818182
0 0.72 0.78 0.04 0.04658181818181819
3 0.72 0.78 0.04 0.04658181818181819
3 0.6090909090909091 0.30950819672131147 0.01883636363636366 0.02516363636363637
0 0.6090909090909091 0.30950819672131147 0.01883636363636366 0.02516363636363637
3 0.2927636363636364 0.6751366120218579 0.02967272727272726 0.028363636363636355
0 0.2927636363636364 0.6751366120218579 0.02967272727272726 0.028363636363636355
