3 0.31 0.26999999999999996 0.06000000000000003 0.08006309148264985
0 0.31 0.26999999999999996 0.06000000000000003 0.08006309148264985
0 0.24 0.3 0.030000000000000016 0.02668769716088326
2 0.24 0.3 0.030000000000000016 0.02668769716088326
0 0.53 0.33 0.03000000000000006 0.04003154574132491
2 0.53 0.33 0.03000000000000006 0.04003154574132491
0 0.03 0.41000000000000003 0.13 0.1934858044164038
2 0.03 0.41000000000000003 0.13 0.1934858044164038
0 0.65 0.25 0.05999999999999994 0.07339116719242902
3 0.65 0.25 0.05999999999999994 0.07339116719242902
3 0.47000000000000003 0.27999999999999997 0.05999999999999994 0.08006309148264983
0 0.47000000000000003 0.27999999999999997 0.05999999999999994 0.08006309148264983
3 0.41 0.22 0.06000000000000003 0.08006309148264983
0 0.41 0.22 0.06000000000000003 0.08006309148264983
3 0.57 0.27999999999999997 0.06999999999999999 0.08006309148264983
0 0.57 0.27999999999999997 0.06999999999999999 0.08006309148264983
3 0.84 0.26999999999999996 0.07000000000000017 0.08006309148264985
0 0.84 0.26999999999999996 0.07000000000000017 0.08006309148264985
