0 0.4980666666666666 0.3695833333333334 0.06910000000000006 0.07236666666666665
3 0.4980666666666666 0.3695833333333334 0.06910000000000006 0.07236666666666665
3 0.25 0.04 0.13 0.1568
0 0.25 0.04 0.13 0.1568
3 0.4549666666666667 0.25946428571428576 0.056333333333333256 0.08636666666666666
0 0.4549666666666667 0.25946428571428576 0.056333333333333256 0.08636666666666666
0 0.5563333333333333 0.3661309523809524 0.04236666666666669 0.05963333333333336
3 0.5563333333333333 0.3661309523809524 0.04236666666666669 0.05963333333333336
0 0.37 0.25 0.1 0.10640000000000001
3 0.37 0.25 0.1 0.10640000000000001
2 0.54 0.31 0.03 0.03920000000000002
0 0.54 0.31 0.03 0.03920000000000002
