3 0.6813380281690141 0.7610169491525423 0.02711267605633799 0.02711267605633809
1 0.6813380281690141 0.7610169491525423 0.02711267605633799 0.02711267605633809
0 0.19246478873239437 0.5103954802259887 0.014788732394366207 0.012676056338028149
3 0.19246478873239437 0.5103954802259887 0.014788732394366207 0.012676056338028149
3 0.6075704225352113 0.2705649717514124 0.016197183098591528 0.018309859154929588
0 0.6075704225352113 0.2705649717514124 0.016197183098591528 0.018309859154929588
0 0.3485915492957746 0.21112994350282485 0.01232394366197183 0.014436619718309864
3 0.3485915492957746 0.21112994350282485 0.01232394366197183 0.014436619718309864
3 0.9078521126760563 0.49485875706214694 0.014084507042253521 0.018309859154929588
0 0.9078521126760563 0.49485875706214694 0.014084507042253521 0.018309859154929588
0 0.49 0.8799999999999999 0.020000000000000025 0.018697183098591558
3 0.49 0.8799999999999999 0.020000000000000025 0.018697183098591558
3 0.7278169014084507 0.9310734463276836 0.03028169014084515 0.031338028169014
1 0.7278169014084507 0.9310734463276836 0.03028169014084515 0.031338028169014
3 0.7186619718309859 0.7598870056497176 0.028873239436619777 0.034507042253521164
1 0.7186619718309859 0.7598870056497176 0.028873239436619777 0.034507042253521164
