0 0.1696 0.5143715846994535 0.020399999999999998 0.015709090909090936
3 0.1696 0.5143715846994535 0.020399999999999998 0.015709090909090936
3 0.94 0.6 0.02 0.026618181818181846
0 0.94 0.6 0.02 0.026618181818181846
0 0.27872727272727277 0.5606557377049181 0.018727272727272697 0.018509090909090923
3 0.27872727272727277 0.5606557377049181 0.018727272727272697 0.018509090909090923
0 0.64 0.55 0.02 0.03327272727272724
2 0.64 0.55 0.02 0.03327272727272724
0 0.52 0.55 0.03 0.03992727272727269
2 0.52 0.55 0.03 0.03992727272727269
0 0.8 0.58 0.02 0.033272727272727294
3 0.8 0.58 0.02 0.033272727272727294
0 0.5823636363636364 0.5673224043715847 0.02181818181818182 0.022909090909090952
3 0.5823636363636364 0.5673224043715847 0.02181818181818182 0.022909090909090952
0 0.33 0.5399999999999999 0.03 0.033272727272727294
3 0.33 0.5399999999999999 0.03 0.033272727272727294
3 0.75 0.58 0.02381818181818186 0.026618181818181794
0 0.75 0.58 0.02381818181818186 0.026618181818181794
