1 0.28565707133917395 0.2612022900763359 0.025356695869837284 0.0293241551939925
3 0.28565707133917395 0.2612022900763359 0.025356695869837284 0.0293241551939925
3 0.35 0.26 0.06 0.07214017521902376
0 0.35 0.26 0.06 0.07214017521902376
3 0.2572590738423029 0.2775572519083969 0.009386733416770964 0.00633291614518148
1 0.2572590738423029 0.2775572519083969 0.009386733416770964 0.00633291614518148
3 0.27027534418022525 0.27507633587786257 0.009511889862327939 0.00633291614518148
1 0.27027534418022525 0.27507633587786257 0.009511889862327939 0.00633291614518148
3 0.33729662077596995 0.25849236641221374 0.023366708385481872 0.03360450563204008
1 0.33729662077596995 0.25849236641221374 0.023366708385481872 0.03360450563204008
3 0.7523153942428036 0.3 0.03768460575719651 0.04590738423028787
0 0.7523153942428036 0.3 0.03768460575719651 0.04590738423028787
0 0.77 0.26 0.04000000000000004 0.05246558197747182
3 0.77 0.26 0.04000000000000004 0.05246558197747182
3 0.65 0.29000000000000004 0.039999999999999904 0.05246558197747182
1 0.65 0.29000000000000004 0.039999999999999904 0.05246558197747182
3 0.5399999999999999 0.26 0.06 0.08525657071339175
0 0.5399999999999999 0.26 0.06 0.08525657071339175
