1 0.62 0.58 0.040000000000000015 0.057432432432432436
3 0.62 0.58 0.040000000000000015 0.057432432432432436
1 0.1 0.37 0.05999999999999999 0.057432432432432456
3 0.1 0.37 0.05999999999999999 0.057432432432432456
1 0.7699999999999999 0.37999999999999995 0.040000000000000015 0.045945945945945976
2 0.7699999999999999 0.37999999999999995 0.040000000000000015 0.045945945945945976
0 0.85 0.42000000000000004 0.040000000000000015 0.04594594594594593
2 0.85 0.42000000000000004 0.040000000000000015 0.04594594594594593
1 0.71 0.44 0.05000000000000004 0.057432432432432436
3 0.71 0.44 0.05000000000000004 0.057432432432432436
1 0.53 0.56 0.05000000000000004 0.057432432432432436
3 0.53 0.56 0.05000000000000004 0.057432432432432436
1 0.25 0.6 0.04999999999999999 0.057432432432432436
3 0.25 0.6 0.04999999999999999 0.057432432432432436
1 0.35 0.58 0.040000000000000015 0.05168918918918923
3 0.35 0.58 0.040000000000000015 0.05168918918918923
1 0.45999999999999996 0.5700000000000001 0.040000000000000015 0.05168918918918918
2 0.45999999999999996 0.5700000000000001 0.040000000000000015 0.05168918918918918
