2 0.41 0.36 0.06 0.07985454545454548
1 0.41 0.36 0.06 0.07985454545454548
0 0.07 0.3 0.11 0.15305454545454544
3 0.07 0.3 0.11 0.15305454545454544
1 0.56 0.36999999999999994 0.04 0.06654545454545459
3 0.56 0.36999999999999994 0.04 0.06654545454545459
1 0.68 0.4 0.04 0.06654545454545453
3 0.68 0.4 0.04 0.06654545454545453
1 0.27 0.4 0.04 0.059890909090909085
3 0.27 0.4 0.04 0.059890909090909085
0 -0.0 0.22 0.12 0.23956363636363634
3 -0.0 0.22 0.12 0.23956363636363634
1 0.93 0.4 0.07 0.11312727272727273
3 0.93 0.4 0.07 0.11312727272727273
1 0.88 0.33 0.06 0.08650909090909094
3 0.88 0.33 0.06 0.08650909090909094
1 0.79 0.39 0.06 0.07985454545454543
3 0.79 0.39 0.06 0.07985454545454543
1 0.61 0.33 0.07 0.10647272727272727
2 0.61 0.33 0.07 0.10647272727272727
1 0.49 0.36 0.07 0.08650909090909094
2 0.49 0.36 0.07 0.08650909090909094
1 0.35 0.33999999999999997 0.07 0.09981818181818183
2 0.35 0.33999999999999997 0.07 0.09981818181818183
