2 0.13 0.47 0.07 0.07280000000000002
0 0.13 0.47 0.07 0.07280000000000002
2 0.25 0.55 0.09 0.10079999999999999
0 0.25 0.55 0.09 0.10079999999999999
2 0.4 0.44 0.04 0.04479999999999999
0 0.4 0.44 0.04 0.04479999999999999
2 0.46 0.44 0.05 0.05599999999999999
0 0.46 0.44 0.05 0.05599999999999999
2 0.02 0.48999999999999994 0.11 0.11200000000000003
0 0.02 0.48999999999999994 0.11 0.11200000000000003
0 0.46 0.27 0.04 0.03919999999999999
2 0.46 0.27 0.04 0.03919999999999999
0 0.33 0.38999999999999996 0.04 0.04479999999999999
2 0.33 0.38999999999999996 0.04 0.04479999999999999
0 0.91 0.53 0.09 0.1512
2 0.91 0.53 0.09 0.1512
2 0.51 0.44 0.06 0.07280000000000002
0 0.51 0.44 0.06 0.07280000000000002
2 0.71 0.5700000000000001 0.09 0.09519999999999997
0 0.71 0.5700000000000001 0.09 0.09519999999999997
2 0.68 0.42000000000000004 0.08 0.08959999999999999
0 0.68 0.42000000000000004 0.08 0.08959999999999999
