2 0.22 0.63 0.02 0.022399999999999996
0 0.22 0.63 0.02 0.022399999999999996
2 0.04 0.55 0.04 0.050399999999999966
0 0.04 0.55 0.04 0.050399999999999966
2 0.12 0.58 0.04 0.03920000000000002
0 0.12 0.58 0.04 0.03920000000000002
3 0.24 0.61 0.02 0.027999999999999973
0 0.24 0.61 0.02 0.027999999999999973
2 0.34 0.5900000000000001 0.03 0.03359999999999999
0 0.34 0.5900000000000001 0.03 0.03359999999999999
2 0.29 0.5700000000000001 0.04 0.03919999999999997
0 0.29 0.5700000000000001 0.04 0.03919999999999997
2 0.17 0.62 0.02 0.028000000000000018
0 0.17 0.62 0.02 0.028000000000000018
