0 0.6000000000000001 0.49 0.029999999999999975 0.03000000000000002
2 0.6000000000000001 0.49 0.029999999999999975 0.03000000000000002
3 0.69 0.48 0.05000000000000002 0.045000000000000005
0 0.69 0.48 0.05000000000000002 0.045000000000000005
3 0.56 0.49 0.029999999999999975 0.03000000000000002
0 0.56 0.49 0.029999999999999975 0.03000000000000002
3 0.77 0.52 0.029999999999999975 0.03499999999999998
0 0.77 0.52 0.029999999999999975 0.03499999999999998
3 0.4537735849056604 0.3420125786163522 0.03213836477987421 0.03685534591194966
0 0.4537735849056604 0.3420125786163522 0.03213836477987421 0.03685534591194966
