0 0.47 0.05 0.04 0.0504
3 0.47 0.05 0.04 0.0504
0 0.42 0.24 0.04 0.03919999999999999
3 0.42 0.24 0.04 0.03919999999999999
0 0.7039 0.44398809523809524 0.06566666666666672 0.07533333333333331
3 0.7039 0.44398809523809524 0.06566666666666672 0.07533333333333331
0 0.6662666666666667 0.31107142857142855 0.04840000000000003 0.06163333333333334
3 0.6662666666666667 0.31107142857142855 0.04840000000000003 0.06163333333333334
0 0.6593666666666667 0.15988095238095237 0.04436666666666667 0.057600000000000005
3 0.6593666666666667 0.15988095238095237 0.04436666666666667 0.057600000000000005
0 0.6434000000000001 0.10488095238095238 0.03119999999999995 0.037599999999999995
3 0.6434000000000001 0.10488095238095238 0.03119999999999995 0.037599999999999995
0 0.5584666666666667 0.1718452380952381 0.032666666666666705 0.04966666666666667
3 0.5584666666666667 0.1718452380952381 0.032666666666666705 0.04966666666666667
0 0.3521666666666667 0.3857738095238095 0.04519999999999996 0.06559999999999998
3 0.3521666666666667 0.3857738095238095 0.04519999999999996 0.06559999999999998
0 0.27496666666666664 0.28720238095238093 0.04400000000000001 0.05599999999999999
3 0.27496666666666664 0.28720238095238093 0.04400000000000001 0.05599999999999999
