3 0.73 0.16 0.10000000000000002 0.1348262548262548
0 0.73 0.16 0.10000000000000002 0.1348262548262548
3 0.42 0.31 0.09000000000000001 0.12733590733590736
1 0.42 0.31 0.09000000000000001 0.12733590733590736
0 0.5861003861003862 0.19999999999999998 0.08389961389961385 0.11235521235521238
3 0.5861003861003862 0.19999999999999998 0.08389961389961385 0.11235521235521238
3 0.17583011583011582 0.10278350515463919 0.10142857142857144 0.09899613899613899
0 0.17583011583011582 0.10278350515463919 0.10142857142857144 0.09899613899613899
0 0.41 0.52 0.16 0.18725868725868725
2 0.41 0.52 0.16 0.18725868725868725
0 0.4309266409266409 0.1302577319587629 0.07289575289575294 0.08316602316602317
3 0.4309266409266409 0.1302577319587629 0.07289575289575294 0.08316602316602317
3 0.30915057915057914 0.2825257731958763 0.08081081081081083 0.09223938223938224
0 0.30915057915057914 0.2825257731958763 0.08081081081081083 0.09223938223938224
