2 0.81 0.09 0.09 0.13974545454545453
1 0.81 0.09 0.09 0.13974545454545453
2 0.53 0.25 0.03 0.039927272727272714
0 0.53 0.25 0.03 0.039927272727272714
2 0.41 0.26999999999999996 0.05 0.05323636363636364
0 0.41 0.26999999999999996 0.05 0.05323636363636364
2 0.16 0.35 0.04 0.059890909090909085
1 0.16 0.35 0.04 0.059890909090909085
2 0.35 0.25 0.04 0.04658181818181819
0 0.35 0.25 0.04 0.04658181818181819
2 0.3603272727272727 0.2950273224043716 0.05570909090909088 0.06334545454545452
0 0.3603272727272727 0.2950273224043716 0.05570909090909088 0.06334545454545452
