0 0.84 0.02 0.03 0.0392
3 0.84 0.02 0.03 0.0392
0 0.63 0.04 0.03 0.033600000000000005
2 0.63 0.04 0.03 0.033600000000000005
0 0.036000000000000004 0.04702380952380952 0.02266666666666667 0.023633333333333333
3 0.036000000000000004 0.04702380952380952 0.02266666666666667 0.023633333333333333
0 0.22566666666666668 0.03744047619047619 0.027999999999999973 0.029333333333333336
3 0.22566666666666668 0.03744047619047619 0.027999999999999973 0.029333333333333336
3 0.69 0.06 0.04 0.0448
0 0.69 0.06 0.04 0.0448
2 0.47 0.05 0.04 0.0336
0 0.47 0.05 0.04 0.0336
0 0.33 0.04 0.03 0.027999999999999994
2 0.33 0.04 0.03 0.027999999999999994
2 0.91 0.05 0.03 0.0336
0 0.91 0.05 0.03 0.0336
