3 0.89 0.39 0.07 0.07985454545454543
0 0.89 0.39 0.07 0.07985454545454543
3 0.65 0.41000000000000003 0.06 0.08650909090909088
0 0.65 0.41000000000000003 0.06 0.08650909090909088
0 0.11 0.39 0.08 0.09316363636363632
3 0.11 0.39 0.08 0.09316363636363632
0 0.49 0.33 0.09 0.10647272727272727
3 0.49 0.33 0.09 0.10647272727272727
0 0.22 0.32 0.12 0.15305454545454547
3 0.22 0.32 0.12 0.15305454545454547
3 0.34 0.32 0.08 0.11312727272727273
0 0.34 0.32 0.08 0.11312727272727273
0 0.68 0.22 0.16 0.18632727272727273
3 0.68 0.22 0.16 0.18632727272727273
3 0.0 0.35 0.12 0.2062909090909091
0 0.0 0.35 0.12 0.2062909090909091
