0 0.41347826086956524 0.7030219780219781 0.024311594202898527 0.0239130434782609
3 0.41347826086956524 0.7030219780219781 0.024311594202898527 0.0239130434782609
0 0.3517391304347826 0.7848351648351648 0.03956521739130436 0.03391304347826082
3 0.3517391304347826 0.7848351648351648 0.03956521739130436 0.03391304347826082
0 0.20329710144927535 0.8639010989010989 0.0573913043478261 0.057898550724637746
3 0.20329710144927535 0.8639010989010989 0.0573913043478261 0.057898550724637746
2 0.45 0.45 0.029999999999999954 0.0329710144927536
0 0.45 0.45 0.029999999999999954 0.0329710144927536
0 0.36699275362318845 0.21137362637362636 0.02355072463768116 0.021014492753623205
3 0.36699275362318845 0.21137362637362636 0.02355072463768116 0.021014492753623205
3 0.2990579710144928 0.6353846153846154 0.02463768115942028 0.034782608695652154
0 0.2990579710144928 0.6353846153846154 0.02463768115942028 0.034782608695652154
3 0.2747826086956522 0.7062637362637362 0.030434782608695622 0.03804347826086957
0 0.2747826086956522 0.7062637362637362 0.030434782608695622 0.03804347826086957
3 0.4032608695652174 0.7431868131868131 0.03134057971014495 0.02913043478260877
0 0.4032608695652174 0.7431868131868131 0.03134057971014495 0.02913043478260877
3 0.4704710144927536 0.7071978021978023 0.030000000000000006 0.026630434782608674
0 0.4704710144927536 0.7071978021978023 0.030000000000000006 0.026630434782608674
0 0.2025 0.36741758241758243 0.01304347826086957 0.014130434782608664
3 0.2025 0.36741758241758243 0.01304347826086957 0.014130434782608664
