2 0.44 0.64 0.029999999999999943 0.024615384615384636
0 0.44 0.64 0.029999999999999943 0.024615384615384636
3 0.29 0.7400000000000001 0.029999999999999995 0.03692307692307693
0 0.29 0.7400000000000001 0.029999999999999995 0.03692307692307693
0 0.03 0.84 0.03 0.03076923076923071
3 0.03 0.84 0.03 0.03076923076923071
0 0.88 0.91 0.009999999999999948 0.024615384615384588
2 0.88 0.91 0.009999999999999948 0.024615384615384588
0 0.4 0.68 0.019999999999999997 0.024615384615384588
2 0.4 0.68 0.019999999999999997 0.024615384615384588
1 0.5914335664335665 0.6392045454545454 0.024475524475524476 0.017832167832167813
3 0.5914335664335665 0.6392045454545454 0.024475524475524476 0.017832167832167813
0 0.2224825174825175 0.810965909090909 0.020279720279720293 0.016433566433566492
3 0.2224825174825175 0.810965909090909 0.020279720279720293 0.016433566433566492
