3 0.8099999999999999 0.37 0.04999999999999997 0.05733718318896372
1 0.8099999999999999 0.37 0.04999999999999997 0.05733718318896372
2 0.76 0.32 0.029999999999999923 0.05017003529034328
0 0.76 0.32 0.029999999999999923 0.05017003529034328
2 0.85 0.36 0.05999999999999999 0.07883862688482515
0 0.85 0.36 0.05999999999999999 0.07883862688482515
3 0.51 0.36 0.039999999999999945 0.07167147898620471
1 0.51 0.36 0.039999999999999945 0.07167147898620471
2 0.11 0.33999999999999997 0.05999999999999999 0.07167147898620471
0 0.11 0.33999999999999997 0.05999999999999999 0.07167147898620471
2 0.35000000000000003 0.32 0.05999999999999999 0.08600577478344563
1 0.35000000000000003 0.32 0.05999999999999999 0.08600577478344563
3 0.72 0.33999999999999997 0.04000000000000009 0.06450433108758423
1 0.72 0.33999999999999997 0.04000000000000009 0.06450433108758423
3 0.6900000000000001 0.33 0.039999999999999945 0.07167147898620467
1 0.6900000000000001 0.33 0.039999999999999945 0.07167147898620467
3 0.5599999999999999 0.33999999999999997 0.05999999999999999 0.07883862688482515
0 0.5599999999999999 0.33999999999999997 0.05999999999999999 0.07883862688482515
3 0.9760699390439525 0.3331512981199642 0.023798524222008434 0.0537664420917549
1 0.9760699390439525 0.3331512981199642 0.023798524222008434 0.0537664420917549
