0 0.57 0.26999999999999996 0.07 0.09316363636363638
3 0.57 0.26999999999999996 0.07 0.09316363636363638
0 0.31 0.26999999999999996 0.06 0.08650909090909094
3 0.31 0.26999999999999996 0.06 0.08650909090909094
3 0.41 0.22 0.06 0.08650909090909091
0 0.41 0.22 0.06 0.08650909090909091
2 0.03 0.41000000000000003 0.14 0.1863272727272727
0 0.03 0.41000000000000003 0.14 0.1863272727272727
0 0.24 0.29 0.03 0.033272727272727266
2 0.24 0.29 0.03 0.033272727272727266
3 0.65 0.25 0.06 0.07319999999999999
0 0.65 0.25 0.06 0.07319999999999999
0 0.47 0.28 0.06 0.07985454545454546
3 0.47 0.28 0.06 0.07985454545454546
3 0.84 0.26999999999999996 0.07 0.07985454545454548
0 0.84 0.26999999999999996 0.07 0.07985454545454548
