0 0.6 0.76 0.04 0.04479999999999999
2 0.6 0.76 0.04 0.04479999999999999
0 0.96 0.16 0.03 0.039200000000000006
3 0.96 0.16 0.03 0.039200000000000006
0 0.48 0.52 0.03 0.03920000000000002
2 0.48 0.52 0.03 0.03920000000000002
2 0.5519333333333334 0.6257738095238095 0.018733333333333255 0.020166666666666704
0 0.5519333333333334 0.6257738095238095 0.018733333333333255 0.020166666666666704
2 0.5970666666666666 0.6266071428571428 0.019666666666666686 0.015866666666666685
0 0.5970666666666666 0.6266071428571428 0.019666666666666686 0.015866666666666685
0 0.13 0.7799999999999999 0.03 0.03360000000000004
3 0.13 0.7799999999999999 0.03 0.03360000000000004
2 0.4664 0.6214880952380952 0.01800000000000002 0.014000000000000009
0 0.4664 0.6214880952380952 0.01800000000000002 0.014000000000000009
3 0.404 0.6175595238095238 0.02466666666666664 0.018333333333333333
0 0.404 0.6175595238095238 0.02466666666666664 0.018333333333333333
3 0.3696 0.6408333333333334 0.020233333333333357 0.021466666666666658
0 0.3696 0.6408333333333334 0.020233333333333357 0.021466666666666658
3 0.3221666666666667 0.6675595238095239 0.02466666666666664 0.02673333333333332
0 0.3221666666666667 0.6675595238095239 0.02466666666666664 0.02673333333333332
2 0.12963333333333332 0.5985119047619047 0.01973333333333334 0.01973333333333334
0 0.12963333333333332 0.5985119047619047 0.01973333333333334 0.01973333333333334
0 0.8 0.16999999999999998 0.06 0.0672
3 0.8 0.16999999999999998 0.06 0.0672
0 0.87 0.26 0.06 0.07840000000000001
2 0.87 0.26 0.06 0.07840000000000001
0 0.76 0.18 0.07 0.0784
3 0.76 0.18 0.07 0.0784
0 0.85 0.11 0.08 0.08399999999999999
3 0.85 0.11 0.08 0.08399999999999999
0 0.66 0.16 0.08 0.0896
3 0.66 0.16 0.08 0.0896
