0 0.5 0.16 0.05999999999999996 0.055691056910569095
3 0.5 0.16 0.05999999999999996 0.055691056910569095
0 0.72 0.21 0.10999999999999993 0.09281842818428185
3 0.72 0.21 0.10999999999999993 0.09281842818428185
0 0.26999999999999996 0.11 0.05000000000000001 0.04826558265582656
3 0.26999999999999996 0.11 0.05000000000000001 0.04826558265582656
0 0.04 0.01 0.12000000000000001 0.10766937669376694
3 0.04 0.01 0.12000000000000001 0.10766937669376694
0 0.19999999999999998 0.13999999999999999 0.060000000000000005 0.04826558265582656
3 0.19999999999999998 0.13999999999999999 0.060000000000000005 0.04826558265582656
0 0.61 0.27 0.03999999999999997 0.025989159891598907
3 0.61 0.27 0.03999999999999997 0.025989159891598907
0 0.16 0.12000000000000001 0.04999999999999999 0.04455284552845529
3 0.16 0.12000000000000001 0.04999999999999999 0.04455284552845529
1 0.39 0.09 0.07000000000000003 0.06311653116531166
3 0.39 0.09 0.07000000000000003 0.06311653116531166
