0 0.3113 0.5000595238095238 0.032333333333333346 0.038999999999999965
3 0.3113 0.5000595238095238 0.032333333333333346 0.038999999999999965
3 0.032466666666666665 0.5050595238095238 0.02033333333333333 0.017666666666666705
0 0.032466666666666665 0.5050595238095238 0.02033333333333333 0.017666666666666705
3 0.0024666666666666665 0.5235119047619048 0.024 0.019333333333333324
0 0.0024666666666666665 0.5235119047619048 0.024 0.019333333333333324
3 0.08746666666666666 0.5148809523809523 0.020666666666666663 0.02349999999999999
0 0.08746666666666666 0.5148809523809523 0.020666666666666663 0.02349999999999999
3 0.19473333333333334 0.5244047619047618 0.014933333333333323 0.013000000000000018
0 0.19473333333333334 0.5244047619047618 0.014933333333333323 0.013000000000000018
0 0.44 0.52 0.04 0.03920000000000002
3 0.44 0.52 0.04 0.03920000000000002
0 0.48 0.48999999999999994 0.06 0.061600000000000016
3 0.48 0.48999999999999994 0.06 0.061600000000000016
