3 0.6109523809523809 0.5054594594594595 0.043296703296703376 0.04278388278388276
0 0.6109523809523809 0.5054594594594595 0.043296703296703376 0.04278388278388276
0 0.3610989010989011 0.3055675675675676 0.042857142857142864 0.05531135531135529
3 0.3610989010989011 0.3055675675675676 0.042857142857142864 0.05531135531135529
0 0.6536263736263737 0.1790810810810811 0.0245421245421245 0.03186813186813185
3 0.6536263736263737 0.1790810810810811 0.0245421245421245 0.03186813186813185
3 0.36 0.21000000000000002 0.029999999999999992 0.04065934065934067
0 0.36 0.21000000000000002 0.029999999999999992 0.04065934065934067
3 0.37 0.45999999999999996 0.07999999999999996 0.10842490842490846
0 0.37 0.45999999999999996 0.07999999999999996 0.10842490842490846
3 0.5 0.16 0.020000000000000028 0.02032967032967032
0 0.5 0.16 0.020000000000000028 0.02032967032967032
