3 0.17 0.35000000000000003 0.05999999999999999 0.06570397111913358
0 0.17 0.35000000000000003 0.05999999999999999 0.06570397111913358
2 0.44 0.39999999999999997 0.03000000000000001 0.03285198555956682
0 0.44 0.39999999999999997 0.03000000000000001 0.03285198555956682
2 0.31 0.37 0.03000000000000001 0.03942238267148015
0 0.31 0.37 0.03000000000000001 0.03942238267148015
3 0.62 0.06 0.22999999999999993 0.29566787003610107
0 0.62 0.06 0.22999999999999993 0.29566787003610107
2 0.39999999999999997 0.38 0.03000000000000001 0.03942238267148015
0 0.39999999999999997 0.38 0.03000000000000001 0.03942238267148015
