2 0.87 0.45 0.01999999999999996 0.033380281690140845
0 0.87 0.45 0.01999999999999996 0.033380281690140845
0 0.4123943661971831 0.799831223628692 0.03849765258215964 0.03661971830985921
2 0.4123943661971831 0.799831223628692 0.03849765258215964 0.03661971830985921
0 0.6044131455399061 0.829620253164557 0.0456338028169014 0.036056338028169044
3 0.6044131455399061 0.829620253164557 0.0456338028169014 0.036056338028169044
0 0.477981220657277 0.14063291139240505 0.014553990610328612 0.017370892018779355
2 0.477981220657277 0.14063291139240505 0.014553990610328612 0.017370892018779355
0 0.5205633802816901 0.1248945147679325 0.01971830985915494 0.014084507042253521
2 0.5205633802816901 0.1248945147679325 0.01971830985915494 0.014084507042253521
0 0.18253521126760563 0.5220675105485232 0.025821596244131457 0.026760563380281703
3 0.18253521126760563 0.5220675105485232 0.025821596244131457 0.026760563380281703
0 0.7547417840375586 0.10059071729957805 0.015962441314554016 0.015492957746478877
2 0.7547417840375586 0.10059071729957805 0.015962441314554016 0.015492957746478877
0 0.8265727699530516 0.25345991561181436 0.02441314553990605 0.020657276995305156
2 0.8265727699530516 0.25345991561181436 0.02441314553990605 0.020657276995305156
0 0.7927699530516432 0.2893248945147679 0.019718309859154876 0.018309859154929605
2 0.7927699530516432 0.2893248945147679 0.019718309859154876 0.018309859154929605
0 0.6535211267605633 0.480168776371308 0.024319248826291114 0.031455399061032875
3 0.6535211267605633 0.480168776371308 0.024319248826291114 0.031455399061032875
0 0.7487323943661971 0.48143459915611814 0.02676056338028177 0.027699530516431953
3 0.7487323943661971 0.48143459915611814 0.02676056338028177 0.027699530516431953
0 0.6258215962441315 0.5258227848101266 0.029577464788732313 0.026760563380281637
3 0.6258215962441315 0.5258227848101266 0.029577464788732313 0.026760563380281637
0 0.26901408450704223 0.5161603375527426 0.02854460093896716 0.023474178403755867
3 0.26901408450704223 0.5161603375527426 0.02854460093896716 0.023474178403755867
0 0.32 0.53 0.020000000000000025 0.044507042253521145
2 0.32 0.53 0.020000000000000025 0.044507042253521145
0 0.42 0.09999999999999999 0.020000000000000025 0.022253521126760573
2 0.42 0.09999999999999999 0.020000000000000025 0.022253521126760573
0 0.18000000000000002 0.22999999999999998 0.01999999999999999 0.033380281690140845
2 0.18000000000000002 0.22999999999999998 0.01999999999999999 0.033380281690140845
0 0.38 0.33999999999999997 0.03999999999999998 0.044507042253521145
2 0.38 0.33999999999999997 0.03999999999999998 0.044507042253521145
