0 0.3814666666666667 0.5271428571428571 0.017466666666666696 0.015400000000000014
3 0.3814666666666667 0.5271428571428571 0.017466666666666696 0.015400000000000014
3 0.62 0.82 0.06 0.06719999999999998
0 0.62 0.82 0.06 0.06719999999999998
0 0.48 0.75 0.05 0.056000000000000036
3 0.48 0.75 0.05 0.056000000000000036
0 0.28 0.6799999999999999 0.05 0.05599999999999999
3 0.28 0.6799999999999999 0.05 0.05599999999999999
3 0.24 0.76 0.05 0.055999999999999946
0 0.24 0.76 0.05 0.055999999999999946
0 0.06 0.81 0.05 0.06159999999999997
3 0.06 0.81 0.05 0.06159999999999997
3 0.5836666666666667 0.4536904761904762 0.024733333333333385 0.020333333333333314
0 0.5836666666666667 0.4536904761904762 0.024733333333333385 0.020333333333333314
3 0.10883333333333332 0.5476190476190477 0.02133333333333333 0.023333333333333334
0 0.10883333333333332 0.5476190476190477 0.02133333333333333 0.023333333333333334
3 0.16483333333333333 0.5642261904761905 0.025 0.023033333333333322
0 0.16483333333333333 0.5642261904761905 0.025 0.023033333333333322
3 0.48896666666666666 0.4642857142857143 0.022366666666666694 0.01876666666666665
0 0.48896666666666666 0.4642857142857143 0.022366666666666694 0.01876666666666665
0 0.18 0.48 0.02 0.022399999999999996
2 0.18 0.48 0.02 0.022399999999999996
0 0.6 0.38 0.06 0.05599999999999999
2 0.6 0.38 0.06 0.05599999999999999
0 0.39 0.71 0.05 0.050400000000000014
3 0.39 0.71 0.05 0.050400000000000014
1 0.15 0.83 0.05 0.06159999999999997
3 0.15 0.83 0.05 0.06159999999999997
