2 0.042290909090909094 0.1584153005464481 0.018545454545454546 0.02472727272727273
0 0.042290909090909094 0.1584153005464481 0.018545454545454546 0.02472727272727273
0 0.6191272727272727 0.1740983606557377 0.04221818181818187 0.04869090909090909
3 0.6191272727272727 0.1740983606557377 0.04221818181818187 0.04869090909090909
0 0.25 0.060000000000000005 0.06 0.07985454545454544
3 0.25 0.060000000000000005 0.06 0.07985454545454544
0 0.71 0.18 0.04 0.04658181818181819
2 0.71 0.18 0.04 0.04658181818181819
0 0.31 0.09 0.05 0.07320000000000002
3 0.31 0.09 0.05 0.07320000000000002
0 0.42 0.05 0.05 0.06236363636363636
3 0.42 0.05 0.05 0.06236363636363636
