0 0.4988333333333333 0.5736166666666667 0.011233333333333349 0.012666666666666642
3 0.4988333333333333 0.5736166666666667 0.011233333333333349 0.012666666666666642
0 0.34 0.23 0.08 0.1
3 0.34 0.23 0.08 0.1
0 0.91 0.57 0.01 0.013333333333333334
2 0.91 0.57 0.01 0.013333333333333334
3 0.7878 0.5453333333333333 0.012222222222222223 0.00851111111111114
1 0.7878 0.5453333333333333 0.012222222222222223 0.00851111111111114
3 0.47194444444444444 0.53995 0.010122222222222237 0.01288888888888885
0 0.47194444444444444 0.53995 0.010122222222222237 0.01288888888888885
3 0.6812 0.5475833333333333 0.011144444444444413 0.009699999999999957
0 0.6812 0.5475833333333333 0.011144444444444413 0.009699999999999957
