2 0.6943396226415095 0.5465408805031446 0.029811320754716947 0.03119496855345908
0 0.6943396226415095 0.5465408805031446 0.029811320754716947 0.03119496855345908
0 0.61 0.51 0.039999999999999994 0.045000000000000005
2 0.61 0.51 0.039999999999999994 0.045000000000000005
2 0.8411949685534591 0.6513836477987421 0.030188679245283092 0.026100628930817646
0 0.8411949685534591 0.6513836477987421 0.030188679245283092 0.026100628930817646
0 0.43999999999999995 0.57 0.05000000000000002 0.05500000000000003
2 0.43999999999999995 0.57 0.05000000000000002 0.05500000000000003
2 0.36 0.01 0.43000000000000005 0.38
0 0.36 0.01 0.43000000000000005 0.38
2 0.29550314465408806 0.06937106918238993 0.03185534591194967 0.040157232704402517
0 0.29550314465408806 0.06937106918238993 0.03185534591194967 0.040157232704402517
3 0.44298742138364783 0.24547169811320754 0.04204402515723272 0.04314465408805031
0 0.44298742138364783 0.24547169811320754 0.04204402515723272 0.04314465408805031
