3 0.22113333333333332 0.62722 0.04 0.04666666666666667
1 0.22113333333333332 0.62722 0.04 0.04666666666666667
3 0.7031999999999999 0.59566 0.031733333333333426 0.04
1 0.7031999999999999 0.59566 0.031733333333333426 0.04
0 0.13 0.52 0.03 0.04666666666666667
3 0.13 0.52 0.03 0.04666666666666667
3 0.26858666666666664 0.54 0.03 0.04
0 0.26858666666666664 0.54 0.03 0.04
1 0.4393866666666667 0.5444 0.029666666666666668 0.03630666666666669
3 0.4393866666666667 0.5444 0.029666666666666668 0.03630666666666669
