0 0.62 0.8500000000000001 0.03 0.027999999999999924
3 0.62 0.8500000000000001 0.03 0.027999999999999924
3 0.9495333333333333 0.825 0.028466666666666546 0.03199999999999998
0 0.9495333333333333 0.825 0.028466666666666546 0.03199999999999998
0 0.77 0.81 0.02 0.027999999999999924
2 0.77 0.81 0.02 0.027999999999999924
0 0.57 0.83 0.02 0.028000000000000018
2 0.57 0.83 0.02 0.028000000000000018
0 0.37 0.92 0.03 0.03919999999999997
2 0.37 0.92 0.03 0.03919999999999997
0 0.5 0.3 0.02 0.016799999999999995
2 0.5 0.3 0.02 0.016799999999999995
3 0.8847333333333334 0.7942857142857143 0.02919999999999997 0.029599999999999984
0 0.8847333333333334 0.7942857142857143 0.02919999999999997 0.029599999999999984
3 0.8388 0.7624404761904762 0.02160000000000006 0.020400000000000015
0 0.8388 0.7624404761904762 0.02160000000000006 0.020400000000000015
3 0.45360000000000006 0.6382738095238095 0.03023333333333331 0.01969999999999999
0 0.45360000000000006 0.6382738095238095 0.03023333333333331 0.01969999999999999
3 0.5786666666666667 0.8831547619047619 0.025333333333333315 0.020999999999999942
0 0.5786666666666667 0.8831547619047619 0.025333333333333315 0.020999999999999942
3 0.5304666666666666 0.8691071428571429 0.019533333333333378 0.026033333333333342
0 0.5304666666666666 0.8691071428571429 0.019533333333333378 0.026033333333333342
