0 0.0 0.15999999999999998 0.06 0.05345622119815669
3 0.0 0.15999999999999998 0.06 0.05345622119815669
3 0.45999999999999996 0.18 0.030000000000000023 0.05345622119815669
0 0.45999999999999996 0.18 0.030000000000000023 0.05345622119815669
2 0.23221198156682027 0.1568103448275862 0.04423963133640554 0.06921658986175114
0 0.23221198156682027 0.1568103448275862 0.04423963133640554 0.06921658986175114
0 0.59 0.15999999999999998 0.04000000000000003 0.05345622119815669
2 0.59 0.15999999999999998 0.04000000000000003 0.05345622119815669
0 0.42 0.19 0.039999999999999966 0.06414746543778803
3 0.42 0.19 0.039999999999999966 0.06414746543778803
0 0.87 0.18 0.060000000000000046 0.06414746543778803
3 0.87 0.18 0.060000000000000046 0.06414746543778803
0 0.09999999999999999 0.11 0.08999999999999998 0.09622119815668202
2 0.09999999999999999 0.11 0.08999999999999998 0.09622119815668202
