0 0.21 0.52 0.05 0.061600000000000016
3 0.21 0.52 0.05 0.061600000000000016
0 0.47 0.48999999999999994 0.04 0.04480000000000004
2 0.47 0.48999999999999994 0.04 0.04480000000000004
2 0.67 0.43 0.03 0.04480000000000004
1 0.67 0.43 0.03 0.04480000000000004
2 0.62 0.35 0.04 0.03920000000000002
0 0.62 0.35 0.04 0.03920000000000002
1 0.81 -0.0 0.11 0.10640000000000001
2 0.81 -0.0 0.11 0.10640000000000001
2 0.77 0.32 0.14 0.15120000000000003
1 0.77 0.32 0.14 0.15120000000000003
1 0.03 0.51 0.07 0.07839999999999998
3 0.03 0.51 0.07 0.07839999999999998
3 0.36 0.51 0.06 0.06159999999999997
1 0.36 0.51 0.06 0.06159999999999997
3 0.27 0.5700000000000001 0.04 0.050399999999999966
0 0.27 0.5700000000000001 0.04 0.050399999999999966
