0 0.34 0.38999999999999996 0.06 0.05599999999999999
3 0.34 0.38999999999999996 0.06 0.05599999999999999
0 0.15 0.5 0.07 0.06719999999999998
3 0.15 0.5 0.07 0.06719999999999998
0 0.49 0.47 0.04 0.04480000000000004
2 0.49 0.47 0.04 0.04480000000000004
0 0.4 0.35 0.06 0.05599999999999999
2 0.4 0.35 0.06 0.05599999999999999
0 0.25 0.13999999999999999 0.05 0.056
3 0.25 0.13999999999999999 0.05 0.056
3 0.44 0.29 0.06 0.061600000000000016
0 0.44 0.29 0.06 0.061600000000000016
3 0.014199999999999999 0.4159523809523809 0.05 0.05066666666666668
0 0.014199999999999999 0.4159523809523809 0.05 0.05066666666666668
