2 0.79 0.22 0.06999999999999991 0.1033333333333333
0 0.79 0.22 0.06999999999999991 0.1033333333333333
0 0.83 0.21000000000000002 0.1 0.1308888888888889
2 0.83 0.21000000000000002 0.1 0.1308888888888889
1 0.32 0.25 0.059999999999999956 0.08266666666666664
2 0.32 0.25 0.059999999999999956 0.08266666666666664
0 0.7 0.21000000000000002 0.07000000000000002 0.1033333333333333
2 0.7 0.21000000000000002 0.07000000000000002 0.1033333333333333
1 0.16 0.13999999999999999 0.11999999999999997 0.15844444444444442
3 0.16 0.13999999999999999 0.11999999999999997 0.15844444444444442
0 0.41000000000000003 0.24 0.08999999999999998 0.11711111111111112
3 0.41000000000000003 0.24 0.08999999999999998 0.11711111111111112
