2 0.51 0.06999999999999999 0.03999999999999998 0.041999999999999996
0 0.51 0.06999999999999999 0.03999999999999998 0.041999999999999996
0 0.773448275862069 0.014367816091954023 0.03517241379310341 0.047241379310344826
2 0.773448275862069 0.014367816091954023 0.03517241379310341 0.047241379310344826
1 0.10786206896551724 0.12448275862068965 0.018344827586206897 0.018758620689655177
3 0.10786206896551724 0.12448275862068965 0.018344827586206897 0.018758620689655177
3 0.07206896551724137 0.11494252873563218 0.021379310344827596 0.01793103448275862
1 0.07206896551724137 0.11494252873563218 0.021379310344827596 0.01793103448275862
3 0.12724137931034482 0.10459770114942528 0.022413793103448276 0.01758620689655173
1 0.12724137931034482 0.10459770114942528 0.022413793103448276 0.01758620689655173
3 0.37896551724137933 0.19770114942528735 0.1072413793103448 0.11275862068965516
0 0.37896551724137933 0.19770114942528735 0.1072413793103448 0.11275862068965516
3 0.5755172413793104 0.09080459770114943 0.02572413793103451 0.02289655172413793
1 0.5755172413793104 0.09080459770114943 0.02572413793103451 0.02289655172413793
