3 0.36 0.25 0.12000000000000002 0.15999999999999998
1 0.36 0.25 0.12000000000000002 0.15999999999999998
1 0.54 0.29 0.0999999999999999 0.1466666666666667
3 0.54 0.29 0.0999999999999999 0.1466666666666667
1 0.6399999999999999 0.34 0.05000000000000006 0.0733333333333333
3 0.6399999999999999 0.34 0.05000000000000006 0.0733333333333333
0 0.49 0.27 0.07000000000000003 0.09333333333333332
3 0.49 0.27 0.07000000000000003 0.09333333333333332
0 0.31 0.32873134328358206 0.06000000000000001 0.07417910447761196
2 0.31 0.32873134328358206 0.06000000000000001 0.07417910447761196
3 0.19 0.30000000000000004 0.11 0.14
0 0.19 0.30000000000000004 0.11 0.14
1 0.77 0.34 0.06999999999999997 0.08666666666666664
3 0.77 0.34 0.06999999999999997 0.08666666666666664
