3 0.97 0.1 0.03 0.0616
0 0.97 0.1 0.03 0.0616
0 0.57 0.11 0.04 0.0504
2 0.57 0.11 0.04 0.0504
0 0.26 0.13 0.05 0.056
2 0.26 0.13 0.05 0.056
3 0.67 0.06 0.05 0.05599999999999999
0 0.67 0.06 0.05 0.05599999999999999
0 0.85 0.1 0.04 0.03919999999999999
3 0.85 0.1 0.04 0.03919999999999999
0 0.39 0.09 0.04 0.0504
3 0.39 0.09 0.04 0.0504
0 0.81 0.08 0.05 0.05599999999999999
3 0.81 0.08 0.05 0.05599999999999999
0 0.12 0.18 0.05 0.056
2 0.12 0.18 0.05 0.056
1 0.27 0.08 0.05 0.061600000000000016
3 0.27 0.08 0.05 0.061600000000000016
3 0.49 0.09 0.04 0.0392
0 0.49 0.09 0.04 0.0392
2 0.35 0.09 0.06 0.07840000000000001
0 0.35 0.09 0.06 0.07840000000000001
2 0.11 0.1 0.04 0.0504
0 0.11 0.1 0.04 0.0504
3 0.89 0.06999999999999999 0.06 0.06720000000000001
0 0.89 0.06999999999999999 0.06 0.06720000000000001
3 0.76 0.09 0.04 0.0504
0 0.76 0.09 0.04 0.0504
