0 0.3443 0.3914880952380952 0.02193333333333333 0.020133333333333354
3 0.3443 0.3914880952380952 0.02193333333333333 0.020133333333333354
0 0.37956666666666666 0.3819642857142857 0.023033333333333322 0.01893333333333331
3 0.37956666666666666 0.3819642857142857 0.023033333333333322 0.01893333333333331
3 0.7802 0.32803571428571426 0.03199999999999998 0.03196666666666668
0 0.7802 0.32803571428571426 0.03199999999999998 0.03196666666666668
3 0.907 0.4416666666666667 0.04533333333333322 0.030333333333333313
1 0.907 0.4416666666666667 0.04533333333333322 0.030333333333333313
0 0.46 0.33999999999999997 0.02 0.02240000000000002
3 0.46 0.33999999999999997 0.02 0.02240000000000002
2 0.5 0.32 0.02 0.027999999999999994
0 0.5 0.32 0.02 0.027999999999999994
3 0.38366666666666666 0.4184523809523809 0.03400000000000001 0.05099999999999999
1 0.38366666666666666 0.4184523809523809 0.03400000000000001 0.05099999999999999
3 0.72 0.43 0.05 0.061600000000000016
0 0.72 0.43 0.05 0.061600000000000016
3 0.42 0.35 0.02 0.01680000000000002
0 0.42 0.35 0.02 0.01680000000000002
0 0.47 0.32999999999999996 0.02 0.022399999999999996
2 0.47 0.32999999999999996 0.02 0.022399999999999996
