3 0.6980000000000001 0.3229166666666667 0.045666666666666626 0.04616666666666665
1 0.6980000000000001 0.3229166666666667 0.045666666666666626 0.04616666666666665
0 0.46 0.27 0.06 0.06719999999999998
2 0.46 0.27 0.06 0.06719999999999998
2 0.58 0.29 0.05 0.050400000000000014
1 0.58 0.29 0.05 0.050400000000000014
0 0.75 0.27999999999999997 0.06 0.06159999999999999
3 0.75 0.27999999999999997 0.06 0.06159999999999999
3 0.5 0.08035714285714286 0.04300000000000002 0.05866666666666667
1 0.5 0.08035714285714286 0.04300000000000002 0.05866666666666667
