3 0.12 0.21000000000000002 0.23000000000000004 0.274225352112676
0 0.12 0.21000000000000002 0.23000000000000004 0.274225352112676
2 0.82 0.0 0.08 0.08725352112676056
0 0.82 0.0 0.08 0.08725352112676056
2 0.67 0.02 0.030000000000000037 0.056091549295774645
0 0.67 0.02 0.030000000000000037 0.056091549295774645
2 0.58 0.04 0.030000000000000037 0.031161971830985916
0 0.58 0.04 0.030000000000000037 0.031161971830985916
2 0.26 0.03 0.029999999999999985 0.0373943661971831
0 0.26 0.03 0.029999999999999985 0.0373943661971831
2 0.63 0.02 0.04000000000000005 0.049859154929577466
0 0.63 0.02 0.04000000000000005 0.049859154929577466
2 0.74 0.07 0.020000000000000025 0.03116197183098591
0 0.74 0.07 0.020000000000000025 0.03116197183098591
2 0.67 0.16 0.04999999999999996 0.056091549295774645
0 0.67 0.16 0.04999999999999996 0.056091549295774645
2 0.54 0.01 0.029999999999999936 0.0373943661971831
0 0.54 0.01 0.029999999999999936 0.0373943661971831
2 0.54 0.06 0.029999999999999936 0.031161971830985916
0 0.54 0.06 0.029999999999999936 0.031161971830985916
