3 0.3098181818181818 0.720327868852459 0.09018181818181817 0.0708363636363637
1 0.3098181818181818 0.720327868852459 0.09018181818181817 0.0708363636363637
2 0.002945454545454546 0.39125683060109284 0.03923636363636363 0.03283636363636364
0 0.002945454545454546 0.39125683060109284 0.03923636363636363 0.03283636363636364
0 0.8452727272727273 0.2171584699453552 0.022472727272727297 0.015163636363636344
2 0.8452727272727273 0.2171584699453552 0.022472727272727297 0.015163636363636344
3 0.6952727272727273 0.4027322404371585 0.05600000000000002 0.05199999999999999
1 0.6952727272727273 0.4027322404371585 0.05600000000000002 0.05199999999999999
1 0.43018181818181817 0.3540983606557377 0.04072727272727274 0.04909090909090909
3 0.43018181818181817 0.3540983606557377 0.04072727272727274 0.04909090909090909
