2 0.82 0.49 0.02 0.026618181818181794
0 0.82 0.49 0.02 0.026618181818181794
0 0.13090909090909092 0.4663934426229508 0.013818181818181808 0.017818181818181837
2 0.13090909090909092 0.4663934426229508 0.013818181818181808 0.017818181818181837
3 0.58 0.63 0.15 0.1796727272727272
0 0.58 0.63 0.15 0.1796727272727272
3 0.23 0.59 0.14 0.17967272727272726
0 0.23 0.59 0.14 0.17967272727272726
2 0.85 0.5 0.02 0.019963636363636347
0 0.85 0.5 0.02 0.019963636363636347
2 0.91 0.47000000000000003 0.03 0.03992727272727269
0 0.91 0.47000000000000003 0.03 0.03992727272727269
2 0.77 0.5 0.02 0.019963636363636347
0 0.77 0.5 0.02 0.019963636363636347
