3 0.18 0.5599999999999999 0.07999999999999999 0.09551839464882944
0 0.18 0.5599999999999999 0.07999999999999999 0.09551839464882944
0 0.060000000000000005 0.5900000000000001 0.09 0.10113712374581943
3 0.060000000000000005 0.5900000000000001 0.09 0.10113712374581943
0 0.5 0.54 0.08999999999999998 0.10113712374581939
3 0.5 0.54 0.08999999999999998 0.10113712374581939
3 0.64 0.55 0.07999999999999996 0.09163879598662204
0 0.64 0.55 0.07999999999999996 0.09163879598662204
3 0.32 0.52 0.08999999999999998 0.10113712374581939
0 0.32 0.52 0.08999999999999998 0.10113712374581939
3 0.88 0.53 0.0899999999999999 0.10113712374581939
0 0.88 0.53 0.0899999999999999 0.10113712374581939
