0 0.56 0.31 0.05 0.06654545454545456
3 0.56 0.31 0.05 0.06654545454545456
3 0.77 0.33 0.03 0.03992727272727274
0 0.77 0.33 0.03 0.03992727272727274
2 0.46 0.32 0.05 0.07319999999999999
1 0.46 0.32 0.05 0.07319999999999999
1 0.5 0.26999999999999996 0.07 0.09316363636363638
3 0.5 0.26999999999999996 0.07 0.09316363636363638
3 0.69 0.32 0.03 0.03992727272727274
0 0.69 0.32 0.03 0.03992727272727274
3 0.27 0.33999999999999997 0.05 0.06654545454545453
0 0.27 0.33999999999999997 0.05 0.06654545454545453
3 0.08 0.35 0.06 0.07320000000000003
0 0.08 0.35 0.06 0.07320000000000003
3 0.33 0.31 0.05 0.06654545454545456
1 0.33 0.31 0.05 0.06654545454545456
3 0.37 0.29 0.06 0.07320000000000002
0 0.37 0.29 0.06 0.07320000000000002
3 0.61 0.31 0.05 0.053236363636363665
0 0.61 0.31 0.05 0.053236363636363665
