3 0.91 0.22999999999999998 0.09000000000000001 0.16295774647887323
1 0.91 0.22999999999999998 0.09000000000000001 0.16295774647887323
1 0.0 0.09887640449438204 0.1693661971830986 0.20126760563380283
3 0.0 0.09887640449438204 0.1693661971830986 0.20126760563380283
1 0.37 0.29775280898876405 0.12330985915492956 0.1563380281690141
3 0.37 0.29775280898876405 0.12330985915492956 0.1563380281690141
1 0.5929577464788732 0.24606741573033705 0.09647887323943664 0.14084507042253522
3 0.5929577464788732 0.24606741573033705 0.09647887323943664 0.14084507042253522
3 0.6647887323943662 0.17415730337078653 0.1795774647887324 0.19401408450704224
1 0.6647887323943662 0.17415730337078653 0.1795774647887324 0.19401408450704224
