1 0.7000000000000001 0.15463917525773196 0.08 0.10888030888030889
3 0.7000000000000001 0.15463917525773196 0.08 0.10888030888030889
1 0.5884942084942084 0.3106185567010309 0.09027027027027036 0.1254826254826255
3 0.5884942084942084 0.3106185567010309 0.09027027027027036 0.1254826254826255
3 0.91 0.19999999999999998 0.06999999999999998 0.09737451737451737
1 0.91 0.19999999999999998 0.06999999999999998 0.09737451737451737
3 0.62 0.21000000000000002 0.06999999999999998 0.10486486486486488
1 0.62 0.21000000000000002 0.06999999999999998 0.10486486486486488
2 0.11 0.1283505154639175 0.28 0.3532818532818533
0 0.11 0.1283505154639175 0.28 0.3532818532818533
