3 0.28 0.24 0.15999999999999998 0.17199335548172756
1 0.28 0.24 0.15999999999999998 0.17199335548172756
3 0.46 0.13 0.06999999999999998 0.08877076411960133
0 0.46 0.13 0.06999999999999998 0.08877076411960133
3 0.75 0.09 0.12000000000000001 0.14980066445182724
0 0.75 0.09 0.12000000000000001 0.14980066445182724
0 0.33 0.11 0.09000000000000001 0.08877076411960133
3 0.33 0.11 0.09000000000000001 0.08877076411960133
0 0.55 0.11 0.07999999999999995 0.09986710963455149
3 0.55 0.11 0.07999999999999995 0.09986710963455149
0 0.09099667774086379 0.08670658682634731 0.07604651162790697 0.07604651162790697
3 0.09099667774086379 0.08670658682634731 0.07604651162790697 0.07604651162790697
