2 0.7353333333333333 0.3351190476190476 0.05433333333333337 0.06433333333333333
0 0.7353333333333333 0.3351190476190476 0.05433333333333337 0.06433333333333333
1 0.4756666666666666 0.5238095238095238 0.06300000000000001 0.07333333333333333
3 0.4756666666666666 0.5238095238095238 0.06300000000000001 0.07333333333333333
1 0.35733333333333334 0.3761904761904762 0.03799999999999997 0.036633333333333316
3 0.35733333333333334 0.3761904761904762 0.03799999999999997 0.036633333333333316
1 0.4224 0.40053571428571433 0.053133333333333324 0.07303333333333333
3 0.4224 0.40053571428571433 0.053133333333333324 0.07303333333333333
0 0.8383333333333334 0.4089285714285714 0.0526666666666667 0.060666666666666674
2 0.8383333333333334 0.4089285714285714 0.0526666666666667 0.060666666666666674
0 0.34 0.08 0.02 0.022400000000000003
2 0.34 0.08 0.02 0.022400000000000003
0 0.22 0.16999999999999998 0.04 0.0504
3 0.22 0.16999999999999998 0.04 0.0504
0 0.26 0.15 0.05 0.056
3 0.26 0.15 0.05 0.056
0 0.42 0.13 0.04 0.0504
3 0.42 0.13 0.04 0.0504
0 0.54 0.4 0.04 0.05599999999999999
3 0.54 0.4 0.04 0.05599999999999999
