2 0.61 0.21000000000000002 0.05999999999999995 0.09037174721189589
1 0.61 0.21000000000000002 0.05999999999999995 0.09037174721189589
3 0.49 0.24000000000000002 0.06999999999999994 0.09037174721189589
1 0.49 0.24000000000000002 0.06999999999999994 0.09037174721189589
3 0.11 0.21000000000000002 0.08 0.10427509293680294
1 0.11 0.21000000000000002 0.08 0.10427509293680294
3 0.85 0.25 0.06999999999999994 0.09732342007434946
1 0.85 0.25 0.06999999999999994 0.09732342007434946
2 0.25 0.24000000000000002 0.060000000000000005 0.08342007434944235
1 0.25 0.24000000000000002 0.060000000000000005 0.08342007434944235
2 0.73 0.24000000000000002 0.05999999999999995 0.07646840148698884
1 0.73 0.24000000000000002 0.05999999999999995 0.07646840148698884
3 0.38 0.22 0.060000000000000005 0.08342007434944237
1 0.38 0.22 0.060000000000000005 0.08342007434944237
2 0.76 0.32 0.06000000000000005 0.07646840148698882
0 0.76 0.32 0.06000000000000005 0.07646840148698882
