0 0.8099999999999999 0.15 0.030000000000000117 0.05333333333333332
3 0.8099999999999999 0.15 0.030000000000000117 0.05333333333333332
1 0.38999999999999996 0.19 0.030000000000000044 0.046666666666666655
3 0.38999999999999996 0.19 0.030000000000000044 0.046666666666666655
3 0.43 0.36 0.040000000000000056 0.053333333333333365
0 0.43 0.36 0.040000000000000056 0.053333333333333365
3 0.51 0.41 0.03999999999999999 0.053333333333333365
0 0.51 0.41 0.03999999999999999 0.053333333333333365
3 0.6900000000000001 0.2 0.02999999999999997 0.046666666666666676
0 0.6900000000000001 0.2 0.02999999999999997 0.046666666666666676
3 0.23 0.2 0.03999999999999999 0.05333333333333332
1 0.23 0.2 0.03999999999999999 0.05333333333333332
