3 0.53 0.01 0.2 0.2264923076923077
0 0.53 0.01 0.2 0.2264923076923077
3 0.36133846153846155 0.21032332563510392 0.02893846153846154 0.03635384615384617
0 0.36133846153846155 0.21032332563510392 0.02893846153846154 0.03635384615384617
0 0.0 0.33946882217090074 0.047553846153846155 0.11323076923076922
3 0.0 0.33946882217090074 0.047553846153846155 0.11323076923076922
0 0.39 0.11 0.03 0.05329230769230768
3 0.39 0.11 0.03 0.05329230769230768
2 0.33 0.23 0.02 0.01998461538461538
0 0.33 0.23 0.02 0.01998461538461538
0 0.8817692307692307 0.3708083140877598 0.02690769230769232 0.022015384615384617
3 0.8817692307692307 0.3708083140877598 0.02690769230769232 0.022015384615384617
