0 0.41000000000000003 0.17 0.02999999999999997 0.046666666666666655
3 0.41000000000000003 0.17 0.02999999999999997 0.046666666666666655
0 0.32 0.36 0.05000000000000004 0.053333333333333365
3 0.32 0.36 0.05000000000000004 0.053333333333333365
0 0.7864487179487178 0.16696153846153844 0.03183333333333339 0.03133333333333335
3 0.7864487179487178 0.16696153846153844 0.03183333333333339 0.03133333333333335
0 0.42000000000000004 0.62 0.05 0.053333333333333365
3 0.42000000000000004 0.62 0.05 0.053333333333333365
3 0.1 0.17 0.030000000000000006 0.03333333333333333
0 0.1 0.17 0.030000000000000006 0.03333333333333333
